0.5 0.377583
1 -0.459698
1.5 -1.42926
2 -2.41615
2.5 -3.30114
3 -3.98999
3.5 -4.43646
4 -4.65364
4.5 -4.7108
5 -4.71634
5.5 -4.79133
6 -5.03983
6.5 -5.52341
7 -6.2461
7.5 -7.15336
8 -8.1455
8.5 -9.10201
9 -9.91113
9.5 -10.4972


0.6 0.259726
0.7 0.0529882
0.8 -0.178549
0.9 -0.370804
1 -0.459698
1.1 -0.570638
1.2 -0.812278
1.3 -1.0954
1.4 -1.3308
1.5 -1.42926
1.6 -1.53061
1.7 -1.77247
1.8 -2.06235
1.9 -2.30775
2 -2.41615
2.1 -2.50757
2.2 -2.71492
2.3 -2.96507
2.4 -3.18485
2.5 -3.30114
2.6 -3.38474
2.7 -3.5313
2.8 -3.70495
2.9 -3.86981
3 -3.98999
3.1 -4.06978
3.2 -4.14415
3.3 -4.22327
3.4 -4.31732
3.5 -4.43646
3.6 -4.51739
3.7 -4.52584
3.8 -4.51554
3.9 -4.54023
4 -4.65364
4.1 -4.74038
4.2 -4.70533
4.3 -4.63262
4.4 -4.6064
4.5 -4.7108
4.6 -4.8066
4.7 -4.7611
4.8 -4.66827
4.9 -4.62203
5 -4.71634
5.1 -4.82222
5.2 -4.80191
5.3 -4.73616
5.4 -4.70572
5.5 -4.79133
5.6 -4.90586
5.7 -4.94019
5.8 -4.94211
5.9 -4.95939
6 -5.03983
6.1 -5.15945
6.2 -5.26449
6.3 -5.35809
6.4 -5.44336
6.5 -5.52341
6.6 -5.64331
6.7 -5.81784
6.8 -6.00469
6.9 -6.16155
7 -6.2461
7.1 -6.36142
7.2 -6.58718
7.3 -6.84601
7.4 -7.06053
7.5 -7.15336
7.6 -7.26034
7.7 -7.50655
7.8 -7.79848
7.9 -8.04263
8 -8.1455
8.1 -8.24243
8.2 -8.47329
8.3 -8.75132
8.4 -8.98981
8.5 -9.10201
8.6 -9.18965
8.7 -9.37311
8.8 -9.59366
8.9 -9.79258
9 -9.91113
9.1 -9.9925
9.2 -10.1081
9.3 -10.2417
9.4 -10.3768
9.5 -10.4972
