0 1
0.05 0.965039
0.1 0.930212
0.15 0.895603
0.2 0.861294
0.25 0.82737
0.3 0.793911
0.35 0.760999
0.4 0.728713
0.45 0.697132
0.5 0.666332
0.55 0.636388
0.6 0.607374
0.65 0.579359
0.7 0.552412
0.75 0.5266
0.8 0.501984
0.85 0.478626
0.9 0.456583
0.95 0.435908
1 0.416653
1.05 0.398864
1.1 0.382586
1.15 0.367859
1.2 0.354718
1.25 0.343196
1.3 0.333322
1.35 0.32512
1.4 0.31861
1.45 0.313809
1.5 0.310727
1.55 0.309373
1.6 0.30975
1.65 0.311857
1.7 0.315689
1.75 0.321236
1.8 0.328485
1.85 0.337418
1.9 0.348012
1.95 0.360243
2 0.374079
2.05 0.389486
2.1 0.406427
2.15 0.42486
2.2 0.444739
2.25 0.466016
2.3 0.488639
2.35 0.512552
2.4 0.537696
2.45 0.56401
2.5 0.59143
2.55 0.619889
2.6 0.649317
2.65 0.679642
2.7 0.710792
2.75 0.742689
2.8 0.775258
2.85 0.808418
2.9 0.842089
2.95 0.876191
3 0.910641
3.05 0.945355
3.1 0.980251
3.15 1.01524
3.2 1.05025
3.25 1.08519
3.3 1.11997
3.35 1.15451
3.4 1.18874
3.45 1.22256
3.5 1.25591
3.55 1.28869
3.6 1.32083
3.65 1.35226
3.7 1.3829
3.75 1.41268
3.8 1.44152
3.85 1.46937
3.9 1.49615
3.95 1.5218
4 1.54627
4.05 1.56949
4.1 1.59141
4.15 1.61197
4.2 1.63114
4.25 1.64886
4.3 1.6651
4.35 1.67981
4.4 1.69297
4.45 1.70453
4.5 1.71448
4.55 1.7228
4.6 1.72945
4.65 1.73443
4.7 1.73772
4.75 1.73932
4.8 1.73923
4.85 1.73743
4.9 1.73395
4.95 1.72878
5 1.72194
5.05 1.71344
5.1 1.70331
5.15 1.69156
5.2 1.67823
5.25 1.66334
5.3 1.64694
5.35 1.62905
5.4 1.60972
5.45 1.589
5.5 1.56693
5.55 1.54357
5.6 1.51897
5.65 1.49319
5.7 1.46628
5.75 1.43832
5.8 1.40936
5.85 1.37948
5.9 1.34875
5.95 1.31724
6 1.28502
6.05 1.25217
6.1 1.21877
6.15 1.1849
6.2 1.15063
6.25 1.11605
6.3 1.08125
6.35 1.0463
6.4 1.01129
6.45 0.976307
6.5 0.941427
6.55 0.906739
6.6 0.872324
6.65 0.838267
6.7 0.804649
6.75 0.771552
6.8 0.739055
6.85 0.707238
6.9 0.676178
6.95 0.64595
7 0.616628
7.05 0.588283
7.1 0.560985
7.15 0.534799
7.2 0.509791
7.25 0.486021
7.3 0.463547
7.35 0.442425
7.4 0.422707
7.45 0.40444
7.5 0.38767
7.55 0.372438
7.6 0.358782
7.65 0.346735
7.7 0.336326
7.75 0.327582
7.8 0.320525
7.85 0.31517
7.9 0.311533
7.95 0.309621
8 0.309439
8.05 0.310988
8.1 0.314264
8.15 0.31926
8.2 0.325961
8.25 0.334353
8.3 0.344414
8.35 0.35612
8.4 0.369442
8.45 0.384346
8.5 0.400797
8.55 0.418753
8.6 0.438171
8.65 0.459003
8.7 0.481197
8.75 0.5047
8.8 0.529454
8.85 0.555397
8.9 0.582468
8.95 0.610599
9 0.639722
9.05 0.669766
9.1 0.700658
9.15 0.732322
9.2 0.764683
9.25 0.79766
9.3 0.831176
9.35 0.865148
9.4 0.899494
9.45 0.934132
9.5 0.968979
9.55 1.00395
9.6 1.03896
9.65 1.07393
9.7 1.10877
9.75 1.1434
9.8 1.17774
9.85 1.2117
9.9 1.24521
9.95 1.27818
10 1.31054
10.05 1.3422
10.1 1.37311
10.15 1.40317
10.2 1.43232
10.25 1.4605
10.3 1.48763
10.35 1.51366
10.4 1.53851
10.45 1.56214
10.5 1.58448
10.55 1.60549
10.6 1.62511
10.65 1.64331
10.7 1.66003
10.75 1.67524
10.8 1.6889
10.85 1.70098
10.9 1.71145
10.95 1.72029
11 1.72748
11.05 1.73301
11.1 1.73684
11.15 1.73899
11.2 1.73944
11.25 1.7382
11.3 1.73526
11.35 1.73063
11.4 1.72433
11.45 1.71636
11.5 1.70676
11.55 1.69553
11.6 1.6827
11.65 1.66831
11.7 1.65239
11.75 1.63498
11.8 1.61611
11.85 1.59583
11.9 1.5742
11.95 1.55125
12 1.52704
12.05 1.50163
12.1 1.47508
12.15 1.44745
12.2 1.41881
12.25 1.38922
12.3 1.35875
12.35 1.32749
12.4 1.29549
12.45 1.26283
12.5 1.2296
12.55 1.19587
12.6 1.16172
12.65 1.12724
12.7 1.0925
12.75 1.05759
12.8 1.02259
12.85 0.987586
12.9 0.952663
12.95 0.917903
13 0.883391
13.05 0.84921
13.1 0.815441
13.15 0.782167
13.2 0.749468
13.25 0.717423
13.3 0.686111
13.35 0.655606
13.4 0.625984
13.45 0.597316
13.5 0.569673
13.55 0.543121
13.6 0.517726
13.65 0.49355
13.7 0.470652
13.75 0.449088
13.8 0.428911
13.85 0.410171
13.9 0.392914
13.95 0.377181
14 0.363013
14.05 0.350443
14.1 0.339503
14.15 0.33022
14.2 0.322616
14.25 0.31671
14.3 0.312518
14.35 0.310048
14.4 0.309308
14.45 0.310299
14.5 0.313019
14.55 0.317461
14.6 0.323614
14.65 0.331463
14.7 0.340988
14.75 0.352166
14.8 0.36497
14.85 0.379367
14.9 0.395323
14.95 0.412798
15 0.43175
15.05 0.452131
15.1 0.473892
15.15 0.496979
15.2 0.521335
15.25 0.546902
15.3 0.573616
15.35 0.601412
15.4 0.630223
15.45 0.659977
15.5 0.690604
15.55 0.722027
15.6 0.754172
15.65 0.786959
15.7 0.82031
15.75 0.854144
15.8 0.888378
15.85 0.922931
15.9 0.95772
15.95 0.992659
16 1.02767
16.05 1.06266
16.1 1.09755
16.15 1.13226
16.2 1.1667
16.25 1.20079
16.3 1.23445
16.35 1.2676
16.4 1.30017
16.45 1.33207
16.5 1.36322
16.55 1.39357
16.6 1.42302
16.65 1.45152
16.7 1.479
16.75 1.50539
16.8 1.53062
16.85 1.55465
16.9 1.57742
16.95 1.59886
17 1.61894
17.05 1.6376
17.1 1.6548
17.15 1.6705
17.2 1.68466
17.25 1.69726
17.3 1.70825
17.35 1.71762
17.4 1.72535
17.45 1.73141
17.5 1.73579
17.55 1.73848
17.6 1.73948
17.65 1.73879
17.7 1.73639
17.75 1.73231
17.8 1.72654
17.85 1.71911
17.9 1.71003
17.95 1.69933
18 1.68701
18.05 1.67313
18.1 1.6577
18.15 1.64076
18.2 1.62235
18.25 1.60253
18.3 1.58132
18.35 1.55879
18.4 1.53498
18.45 1.50995
18.5 1.48376
18.55 1.45648
18.6 1.42815
18.65 1.39886
18.7 1.36867
18.75 1.33766
18.8 1.30588
18.85 1.27343
18.9 1.24038
18.95 1.2068
19 1.17278
19.05 1.13839
19.1 1.10373
19.15 1.06886
19.2 1.03388
19.25 0.998873
19.3 0.963915
19.35 0.929094
19.4 0.894493
19.45 0.860195
19.5 0.826285
19.55 0.792842
19.6 0.759949
19.65 0.727685
19.7 0.696127
19.75 0.665354
19.8 0.635439
19.85 0.606456
19.9 0.578474
19.95 0.551563
20 0.525788
20.05 0.501212
20.1 0.477896
20.15 0.455896
20.2 0.435266
20.25 0.416057
20.3 0.398316
20.35 0.382088
20.4 0.367411
20.45 0.354322
20.5 0.342853
20.55 0.333032
20.6 0.324884
20.65 0.318429
20.7 0.313682
20.75 0.310656
20.8 0.309358
20.85 0.309791
20.9 0.311953
20.95 0.315841
21 0.321443
21.05 0.328746
21.1 0.337733
21.15 0.348381
21.2 0.360663
21.25 0.37455
21.3 0.390008
21.35 0.406997
21.4 0.425478
21.45 0.445403
21.5 0.466724
21.55 0.489389
21.6 0.513343
21.65 0.538526
21.7 0.564876
21.75 0.592331
21.8 0.620822
21.85 0.65028
21.9 0.680633
21.95 0.711808
22 0.743728
22.05 0.776317
22.1 0.809494
22.15 0.843181
22.2 0.877295
22.25 0.911755
22.3 0.946476
22.35 0.981376
22.4 1.01637
22.45 1.05138
22.5 1.08631
22.55 1.12108
22.6 1.15562
22.65 1.18983
22.7 1.22364
22.75 1.25697
22.8 1.28973
22.85 1.32185
22.9 1.35326
22.95 1.38387
23 1.41362
23.05 1.44244
23.1 1.47025
23.15 1.497
23.2 1.52261
23.25 1.54704
23.3 1.57021
23.35 1.59209
23.4 1.61261
23.45 1.63173
23.5 1.64941
23.55 1.6656
23.6 1.68026
23.65 1.69337
23.7 1.70488
23.75 1.71478
23.8 1.72304
23.85 1.72964
23.9 1.73456
23.95 1.7378
24 1.73935
24.05 1.7392
24.1 1.73735
24.15 1.73381
24.2 1.72859
24.25 1.72169
24.3 1.71314
24.35 1.70296
24.4 1.69116
24.45 1.67778
24.5 1.66284
24.55 1.64638
24.6 1.62845
24.65 1.60908
24.7 1.58831
24.75 1.5662
24.8 1.5428
24.85 1.51816
24.9 1.49234
24.95 1.4654
25 1.4374
25.05 1.40841
25.1 1.37851
25.15 1.34775
25.2 1.31621
25.25 1.28397
25.3 1.2511
25.35 1.21769
25.4 1.1838
25.45 1.14952
25.5 1.11494
25.55 1.08013
25.6 1.04518
25.65 1.01017
25.7 0.975181
25.75 0.940307
25.8 0.905626
25.85 0.871221
25.9 0.837177
25.95 0.803575
26 0.770495
26.05 0.73802
26.1 0.706226
26.15 0.675191
26.2 0.644991
26.25 0.6157
26.3 0.587387
26.35 0.560124
26.4 0.533975
26.45 0.509006
26.5 0.485276
26.55 0.462846
26.6 0.441768
26.65 0.422095
26.7 0.403876
26.75 0.387155
26.8 0.371974
26.85 0.358369
26.9 0.346374
26.95 0.336019
27 0.327329
27.05 0.320325
27.1 0.315026
27.15 0.311444
27.2 0.309588
27.25 0.309462
27.3 0.311067
27.35 0.314399
27.4 0.319449
27.45 0.326205
27.5 0.334651
27.55 0.344766
27.6 0.356524
27.65 0.369897
27.7 0.384852
27.75 0.401352
27.8 0.419356
27.85 0.43882
27.9 0.459696
27.95 0.481934
28 0.505478
28.05 0.530271
28.1 0.556252
28.15 0.583358
28.2 0.611522
28.25 0.640675
28.3 0.670748
28.35 0.701666
28.4 0.733354
28.45 0.765735
28.5 0.798732
28.55 0.832263
28.6 0.866248
28.65 0.900606
28.7 0.935252
28.75 0.970103
28.8 1.00508
28.85 1.04009
28.9 1.07505
28.95 1.10989
29 1.14451
29.05 1.17884
29.1 1.21279
29.15 1.24628
29.2 1.27923
29.25 1.31157
29.3 1.34321
29.35 1.37409
29.4 1.40412
29.45 1.43325
29.5 1.46139
29.55 1.48849
29.6 1.51448
29.65 1.53929
29.7 1.56288
29.75 1.58518
29.8 1.60614
29.85 1.62572
29.9 1.64387
29.95 1.66054
30 1.6757
30.05 1.68931
30.1 1.70134
30.15 1.71176
30.2 1.72055
30.25 1.72769
30.3 1.73316
30.35 1.73694
30.4 1.73903
30.45 1.73943
30.5 1.73813
30.55 1.73514
30.6 1.73046
30.65 1.7241
30.7 1.71608
30.75 1.70642
30.8 1.69514
30.85 1.68226
30.9 1.66783
30.95 1.65186
31 1.63439
31.05 1.61548
31.1 1.59516
31.15 1.57348
31.2 1.55048
31.25 1.52624
31.3 1.50079
31.35 1.47421
31.4 1.44654
31.45 1.41787
31.5 1.38825
31.55 1.35776
31.6 1.32647
31.65 1.29444
31.7 1.26177
31.75 1.22852
31.8 1.19478
31.85 1.16062
31.9 1.12612
31.95 1.09138
32 1.05646
32.05 1.02146
32.1 0.986459
32.15 0.95154
32.2 0.916788
32.25 0.882285
32.3 0.848115
32.35 0.814361
32.4 0.781105
32.45 0.748425
32.5 0.716403
32.55 0.685115
32.6 0.654638
32.65 0.625045
32.7 0.596409
32.75 0.5688
32.8 0.542285
32.85 0.516928
32.9 0.492792
32.95 0.469936
33 0.448416
33.05 0.428285
33.1 0.409592
33.15 0.392383
33.2 0.376701
33.25 0.362583
33.3 0.350065
33.35 0.339178
33.4 0.329949
33.45 0.322399
33.5 0.316549
33.55 0.312411
33.6 0.309998
33.65 0.309313
33.7 0.31036
33.75 0.313136
33.8 0.317633
33.85 0.32384
33.9 0.331743
33.95 0.341322
34 0.352553
34.05 0.365409
34.1 0.379857
34.15 0.395862
34.2 0.413386
34.25 0.432384
34.3 0.45281
34.35 0.474615
34.4 0.497743
34.45 0.52214
34.5 0.547744
34.55 0.574494
34.6 0.602324
34.65 0.631167
34.7 0.66095
34.75 0.691604
34.8 0.723052
34.85 0.755218
34.9 0.788025
34.95 0.821392
35 0.85524
35.05 0.889486
35.1 0.924048
35.15 0.958843
35.2 0.993786
35.25 1.02879
35.3 1.06378
35.35 1.09867
35.4 1.13337
35.45 1.1678
35.5 1.20188
35.55 1.23553
35.6 1.26866
35.65 1.30121
35.7 1.33308
35.75 1.36421
35.8 1.39453
35.85 1.42396
35.9 1.45242
35.95 1.47986
36 1.50622
36.05 1.53142
36.1 1.55541
36.15 1.57813
36.2 1.59953
36.25 1.61956
36.3 1.63817
36.35 1.65533
36.4 1.67098
36.45 1.68509
36.5 1.69763
36.55 1.70858
36.6 1.7179
36.65 1.72557
36.7 1.73157
36.75 1.7359
36.8 1.73854
36.85 1.73949
36.9 1.73873
36.95 1.73629
37 1.73215
37.05 1.72633
37.1 1.71885
37.15 1.70971
37.2 1.69895
37.25 1.68659
37.3 1.67265
37.35 1.65717
37.4 1.64019
37.45 1.62174
37.5 1.60187
37.55 1.58062
37.6 1.55804
37.65 1.53419
37.7 1.50913
37.75 1.4829
37.8 1.45558
37.85 1.42723
37.9 1.3979
37.95 1.36769
38 1.33664
38.05 1.30485
38.1 1.27238
38.15 1.2393
38.2 1.20571
38.25 1.17168
38.3 1.13728
38.35 1.10261
38.4 1.06774
38.45 1.03276
38.5 0.997746
38.55 0.962791
38.6 0.927975
38.65 0.893383
38.7 0.859097
38.75 0.8252
38.8 0.791774
38.85 0.7589
38.9 0.726657
38.95 0.695124
39 0.664377
39.05 0.634491
39.1 0.605539
39.15 0.577591
39.2 0.550715
39.25 0.524978
39.3 0.500441
39.35 0.477166
39.4 0.45521
39.45 0.434625
39.5 0.415462
39.55 0.39777
39.6 0.381591
39.65 0.366964
39.7 0.353927
39.75 0.342511
39.8 0.332744
39.85 0.32465
39.9 0.318249
39.95 0.313558
40 0.310588
40.05 0.309345
40.1 0.309833
40.15 0.312052
40.2 0.315994
40.25 0.321652
40.3 0.32901
40.35 0.33805
40.4 0.348751
40.45 0.361086
40.5 0.375024
40.55 0.390531
40.6 0.40757
40.65 0.426097
40.7 0.446068
40.75 0.467433
40.8 0.490141
40.85 0.514135
40.9 0.539356
40.95 0.565744
41 0.593233
41.05 0.621756
41.1 0.651244
41.15 0.681625
41.2 0.712824
41.25 0.744768
41.3 0.777376
41.35 0.810572
41.4 0.844273
41.45 0.8784
41.5 0.912869
41.55 0.947598
41.6 0.982502
41.65 1.0175
41.7 1.0525
41.75 1.08743
41.8 1.1222
41.85 1.15673
41.9 1.19093
41.95 1.22473
42 1.25803
42.05 1.29078
42.1 1.32288
42.15 1.35426
42.2 1.38484
42.25 1.41456
42.3 1.44335
42.35 1.47113
42.4 1.49784
42.45 1.52342
42.5 1.5478
42.55 1.57094
42.6 1.59277
42.65 1.61325
42.7 1.63233
42.75 1.64995
42.8 1.66609
42.85 1.68071
42.9 1.69376
42.95 1.70522
43 1.71507
43.05 1.72327
43.1 1.72982
43.15 1.73469
43.2 1.73788
43.25 1.73937
43.3 1.73916
43.35 1.73726
43.4 1.73367
43.45 1.72839
43.5 1.72144
43.55 1.71284
43.6 1.7026
43.65 1.69075
43.7 1.67732
43.75 1.66233
43.8 1.64583
43.85 1.62785
43.9 1.60843
43.95 1.58762
44 1.56547
44.05 1.54202
44.1 1.51734
44.15 1.49149
44.2 1.46451
44.25 1.43648
44.3 1.40747
44.35 1.37753
44.4 1.34674
44.45 1.31518
44.5 1.28292
44.55 1.25003
44.6 1.2166
44.65 1.1827
44.7 1.14841
44.75 1.11382
44.8 1.079
44.85 1.04405
44.9 1.00904
44.95 0.974056
45 0.939187
45.05 0.904513
45.1 0.870119
45.15 0.836087
45.2 0.802501
45.25 0.76944
45.3 0.736985
45.35 0.705214
45.4 0.674205
45.45 0.644033
45.5 0.614772
45.55 0.586493
45.6 0.559264
45.65 0.533152
45.7 0.508222
45.75 0.484534
45.8 0.462145
45.85 0.441112
45.9 0.421486
45.95 0.403314
46 0.386642
46.05 0.371511
46.1 0.357957
46.15 0.346014
46.2 0.335713
46.25 0.327077
46.3 0.320128
46.35 0.314884
46.4 0.311357
46.45 0.309557
46.5 0.309487
46.55 0.311147
46.6 0.314535
46.65 0.31964
46.7 0.326451
46.75 0.334951
46.8 0.345119
46.85 0.35693
46.9 0.370354
46.95 0.385359
47 0.401908
47.05 0.41996
47.1 0.43947
47.15 0.460392
47.2 0.482672
47.25 0.506257
47.3 0.531089
47.35 0.557108
47.4 0.584248
47.45 0.612445
47.5 0.64163
47.55 0.671731
47.6 0.702675
47.65 0.734386
47.7 0.766789
47.75 0.799804
47.8 0.833351
47.85 0.86735
47.9 0.901717
47.95 0.936371
48 0.971228
48.05 1.0062
48.1 1.04122
48.15 1.07618
48.2 1.11101
48.25 1.14562
48.3 1.17994
48.35 1.21387
48.4 1.24735
48.45 1.28028
48.5 1.3126
48.55 1.34422
48.6 1.37507
48.65 1.40507
48.7 1.43417
48.75 1.46228
48.8 1.48934
48.85 1.51529
48.9 1.54007
48.95 1.56362
49 1.58588
49.05 1.6068
49.1 1.62633
49.15 1.64443
49.2 1.66105
49.25 1.67616
49.3 1.68972
49.35 1.7017
49.4 1.71207
49.45 1.72081
49.5 1.72789
49.55 1.7333
49.6 1.73703
49.65 1.73907
49.7 1.73941
49.75 1.73806
49.8 1.73501
49.85 1.73028
49.9 1.72387
49.95 1.71579
50 1.70608
50.05 1.69475
50.1 1.68182
50.15 1.66733
50.2 1.65132
50.25 1.63381
50.3 1.61485
50.35 1.59448
50.4 1.57276
50.45 1.54972
50.5 1.52544
50.55 1.49995
50.6 1.47333
50.65 1.44563
50.7 1.41693
50.75 1.38728
50.8 1.35676
50.85 1.32545
50.9 1.2934
50.95 1.26071
51 1.22744
51.05 1.19368
51.1 1.15951
51.15 1.12501
51.2 1.09025
51.25 1.05533
51.3 1.02033
51.35 0.985333
51.4 0.950418
51.45 0.915672
51.5 0.881179
51.55 0.847021
51.6 0.813282
51.65 0.780043
51.7 0.747384
51.75 0.715384
51.8 0.684121
51.85 0.653671
51.9 0.624108
51.95 0.595504
52 0.567929
52.05 0.54145
52.1 0.516132
52.15 0.492036
52.2 0.469222
52.25 0.447746
52.3 0.427661
52.35 0.409015
52.4 0.391854
52.45 0.376221
52.5 0.362155
52.55 0.349689
52.6 0.338855
52.65 0.329679
52.7 0.322184
52.75 0.316389
52.8 0.312307
52.85 0.309949
52.9 0.30932
52.95 0.310423
53 0.313254
53.05 0.317806
53.1 0.324069
53.15 0.332026
53.2 0.341658
53.25 0.352942
53.3 0.365849
53.35 0.380348
53.4 0.396403
53.45 0.413975
53.5 0.43302
53.55 0.453491
53.6 0.475339
53.65 0.49851
53.7 0.522946
53.75 0.548588
53.8 0.575374
53.85 0.603238
53.9 0.632111
53.95 0.661924
54 0.692605
54.05 0.724077
54.1 0.756265
54.15 0.789091
54.2 0.822475
54.25 0.856337
54.3 0.890595
54.35 0.925166
54.4 0.959966
54.45 0.994913
54.5 1.02992
54.55 1.06491
54.6 1.09979
54.65 1.13448
54.7 1.1689
54.75 1.20297
54.8 1.2366
54.85 1.26972
54.9 1.30224
54.95 1.3341
55 1.3652
55.05 1.39549
55.1 1.42489
55.15 1.45332
55.2 1.48073
55.25 1.50705
55.3 1.53221
55.35 1.55616
55.4 1.57884
55.45 1.6002
55.5 1.62018
55.55 1.63875
55.6 1.65585
55.65 1.67146
55.7 1.68552
55.75 1.69801
55.8 1.7089
55.85 1.71817
55.9 1.72579
55.95 1.73174
56 1.73601
56.05 1.7386
56.1 1.73949
56.15 1.73868
56.2 1.73618
56.25 1.73199
56.3 1.72612
56.35 1.71858
56.4 1.70939
56.45 1.69858
56.5 1.68617
56.55 1.67218
56.6 1.65665
56.65 1.63962
56.7 1.62112
56.75 1.6012
56.8 1.57991
56.85 1.55729
56.9 1.5334
56.95 1.5083
57 1.48204
57.05 1.45468
57.1 1.4263
57.15 1.39695
57.2 1.3667
57.25 1.33563
57.3 1.30381
57.35 1.27132
57.4 1.23823
57.45 1.20462
57.5 1.17057
57.55 1.13617
57.6 1.10149
57.65 1.06661
57.7 1.03163
57.75 0.996619
57.8 0.961667
57.85 0.926857
57.9 0.892274
57.95 0.857999
58 0.824116
58.05 0.790706
58.1 0.757851
58.15 0.72563
58.2 0.694121
58.25 0.663401
58.3 0.633544
58.35 0.604622
58.4 0.576708
58.45 0.549868
58.5 0.524169
58.55 0.499672
58.6 0.476438
58.65 0.454525
58.7 0.433985
58.75 0.41487
58.8 0.397225
58.85 0.381095
58.9 0.366519
58.95 0.353534
59 0.34217
59.05 0.332457
59.1 0.324417
59.15 0.318072
59.2 0.313436
59.25 0.310521
59.3 0.309334
59.35 0.309878
59.4 0.312152
59.45 0.31615
59.5 0.321862
59.55 0.329275
59.6 0.338369
59.65 0.349123
59.7 0.36151
59.75 0.375499
59.8 0.391056
59.85 0.408143
59.9 0.426718
59.95 0.446734
60 0.468144
60.05 0.490894
60.1 0.514928
60.15 0.540188
60.2 0.566612
60.25 0.594135
60.3 0.622691
60.35 0.652209
60.4 0.682617
60.45 0.713842
60.5 0.745808
60.55 0.778437
60.6 0.81165
60.65 0.845366
60.7 0.879505
60.75 0.913984
60.8 0.94872
60.85 0.983628
60.9 1.01863
60.95 1.05363
61 1.08855
61.05 1.12332
61.1 1.15784
61.15 1.19203
61.2 1.22581
61.25 1.2591
61.3 1.29182
61.35 1.3239
61.4 1.35526
61.45 1.38581
61.5 1.41551
61.55 1.44426
61.6 1.472
61.65 1.49868
61.7 1.52422
61.75 1.54857
61.8 1.57166
61.85 1.59345
61.9 1.61389
61.95 1.63292
62 1.6505
62.05 1.66659
62.1 1.68115
62.15 1.69416
62.2 1.70557
62.25 1.71536
62.3 1.72351
62.35 1.73
62.4 1.73482
62.45 1.73795
62.5 1.73939
62.55 1.73913
62.6 1.73717
62.65 1.73352
62.7 1.72819
62.75 1.72119
62.8 1.71254
62.85 1.70224
62.9 1.69034
62.95 1.67686
63 1.66182
63.05 1.64527
63.1 1.62724
63.15 1.60778
63.2 1.58693
63.25 1.56473
63.3 1.54125
63.35 1.51653
63.4 1.49063
63.45 1.46362
63.5 1.43556
63.55 1.40651
63.6 1.37655
63.65 1.34574
63.7 1.31416
63.75 1.28187
63.8 1.24897
63.85 1.21552
63.9 1.1816
63.95 1.1473
64 1.1127
64.05 1.07788
64.1 1.04292
64.15 1.00791
64.2 0.972931
64.25 0.938066
64.3 0.903401
64.35 0.869017
64.4 0.834999
64.45 0.801427
64.5 0.768385
64.55 0.73595
64.6 0.704203
64.65 0.67322
64.7 0.643077
64.75 0.613846
64.8 0.585599
64.85 0.558405
64.9 0.532331
64.95 0.507439
65 0.483792
65.05 0.461447
65.1 0.440458
65.15 0.420878
65.2 0.402754
65.25 0.386131
65.3 0.371049
65.35 0.357547
65.4 0.345657
65.45 0.335408
65.5 0.326827
65.55 0.319933
65.6 0.314744
65.65 0.311272
65.7 0.309527
65.75 0.309513
65.8 0.311229
65.85 0.314672
65.9 0.319833
65.95 0.326699
66 0.335253
66.05 0.345474
66.1 0.357337
66.15 0.370813
66.2 0.385869
66.25 0.402466
66.3 0.420566
66.35 0.440123
66.4 0.461088
66.45 0.483412
66.5 0.507038
66.55 0.531909
66.6 0.557965
66.65 0.58514
66.7 0.61337
66.75 0.642585
66.8 0.672714
66.85 0.703684
66.9 0.735419
66.95 0.767843
67 0.800876
67.05 0.834439
67.1 0.868451
67.15 0.902829
67.2 0.937491
67.25 0.972353
67.3 1.00733
67.35 1.04234
67.4 1.0773
67.45 1.11213
67.5 1.14673
67.55 1.18104
67.6 1.21496
67.65 1.24842
67.7 1.28133
67.75 1.31363
67.8 1.34522
67.85 1.37605
67.9 1.40603
67.95 1.43509
68 1.46317
68.05 1.4902
68.1 1.51611
68.15 1.54085
68.2 1.56435
68.25 1.58657
68.3 1.60745
68.35 1.62693
68.4 1.64499
68.45 1.66156
68.5 1.67662
68.55 1.69013
68.6 1.70206
68.65 1.71238
68.7 1.72106
68.75 1.72809
68.8 1.73345
68.85 1.73713
68.9 1.73911
68.95 1.7394
69 1.73799
69.05 1.73489
69.1 1.7301
69.15 1.72363
69.2 1.71551
69.25 1.70574
69.3 1.69436
69.35 1.68138
69.4 1.66684
69.45 1.65078
69.5 1.63322
69.55 1.61421
69.6 1.5938
69.65 1.57203
69.7 1.54896
69.75 1.52463
69.8 1.49911
69.85 1.47246
69.9 1.44473
69.95 1.41599
70 1.38631
70.05 1.35577
70.1 1.32442
70.15 1.29236
70.2 1.25964
70.25 1.22636
70.3 1.19259
70.35 1.1584
70.4 1.12389
70.45 1.08913
70.5 1.05421
70.55 1.01921
70.6 0.984207
70.65 0.949296
70.7 0.914557
70.75 0.880073
70.8 0.845928
70.85 0.812204
70.9 0.778982
70.95 0.746342
71 0.714365
71.05 0.683127
71.1 0.652705
71.15 0.623171
71.2 0.5946
71.25 0.567059
71.3 0.540616
71.35 0.515336
71.4 0.491281
71.45 0.46851
71.5 0.447077
71.55 0.427037
71.6 0.408439
71.65 0.391327
71.7 0.375744
71.75 0.361728
71.8 0.349315
71.85 0.338534
71.9 0.329412
71.95 0.321971
72 0.31623
72.05 0.312204
72.1 0.309901
72.15 0.309329
72.2 0.310487
72.25 0.313373
72.3 0.317981
72.35 0.324298
72.4 0.33231
72.45 0.341996
72.5 0.353332
72.55 0.366292
72.6 0.380841
72.65 0.396946
72.7 0.414566
72.75 0.433657
72.8 0.454174
72.85 0.476065
72.9 0.499277
72.95 0.523753
73 0.549434
73.05 0.576255
73.1 0.604152
73.15 0.633057
73.2 0.662899
73.25 0.693606
73.3 0.725103
73.35 0.757313
73.4 0.790158
73.45 0.823559
73.5 0.857435
73.55 0.891704
73.6 0.926283
73.65 0.96109
73.7 0.99604
73.75 1.03105
73.8 1.06603
73.85 1.10091
73.9 1.1356
73.95 1.17001
74 1.20406
74.05 1.23768
74.1 1.27078
74.15 1.30328
74.2 1.33511
74.25 1.36619
74.3 1.39645
74.35 1.42582
74.4 1.45422
74.45 1.4816
74.5 1.50788
74.55 1.533
74.6 1.55691
74.65 1.57955
74.7 1.60086
74.75 1.6208
74.8 1.63932
74.85 1.65638
74.9 1.67193
74.95 1.68595
75 1.69839
75.05 1.70923
75.1 1.71844
75.15 1.72601
75.2 1.7319
75.25 1.73612
75.3 1.73865
75.35 1.73949
75.4 1.73863
75.45 1.73607
75.5 1.73182
75.55 1.7259
75.6 1.71831
75.65 1.70907
75.7 1.69821
75.75 1.68574
75.8 1.6717
75.85 1.65612
75.9 1.63904
75.95 1.6205
76 1.60054
76.05 1.5792
76.1 1.55654
76.15 1.53261
76.2 1.50747
76.25 1.48117
76.3 1.45378
76.35 1.42537
76.4 1.39598
76.45 1.36571
76.5 1.33462
76.55 1.30278
76.6 1.27026
76.65 1.23716
76.7 1.20353
76.75 1.16947
76.8 1.13506
76.85 1.10037
76.9 1.06549
76.95 1.0305
77 0.995492
77.05 0.960544
77.1 0.92574
77.15 0.891165
77.2 0.856901
77.25 0.823032
77.3 0.789639
77.35 0.756803
77.4 0.724604
77.45 0.693119
77.5 0.662425
77.55 0.632597
77.6 0.603707
77.65 0.575827
77.7 0.549022
77.75 0.523361
77.8 0.498904
77.85 0.475712
77.9 0.453842
77.95 0.433347
78 0.414278
78.05 0.396682
78.1 0.380601
78.15 0.366076
78.2 0.353142
78.25 0.341832
78.3 0.332172
78.35 0.324186
78.4 0.317896
78.45 0.313315
78.5 0.310455
78.55 0.309324
78.6 0.309924
78.65 0.312254
78.7 0.316307
78.75 0.322075
78.8 0.329542
78.85 0.33869
78.9 0.349497
78.95 0.361936
79 0.375976
79.05 0.391583
79.1 0.408718
79.15 0.42734
79.2 0.447403
79.25 0.468856
79.3 0.491648
79.35 0.515723
79.4 0.541021
79.45 0.567482
79.5 0.595039
79.55 0.623627
79.6 0.653174
79.65 0.68361
79.7 0.71486
79.75 0.746849
79.8 0.779497
79.85 0.812728
79.9 0.84646
79.95 0.880611
80 0.915099
80.05 0.949842
80.1 0.984755
80.15 1.01975
80.2 1.05476
80.25 1.08968
80.3 1.12443
80.35 1.15894
80.4 1.19312
80.45 1.22689
80.5 1.26016
80.55 1.29287
80.6 1.32492
80.65 1.35625
80.7 1.38678
80.75 1.41645
80.8 1.44517
80.85 1.47288
80.9 1.49952
80.95 1.52502
81 1.54933
81.05 1.57239
81.1 1.59413
81.15 1.61452
81.2 1.63351
81.25 1.65104
81.3 1.66708
81.35 1.6816
81.4 1.69455
81.45 1.70591
81.5 1.71565
81.55 1.72375
81.6 1.73018
81.65 1.73495
81.7 1.73802
81.75 1.73941
81.8 1.73909
81.85 1.73708
81.9 1.73338
81.95 1.72799
82 1.72094
82.05 1.71223
82.1 1.70189
82.15 1.68993
82.2 1.6764
82.25 1.66132
82.3 1.64472
82.35 1.62664
82.4 1.60713
82.45 1.58623
82.5 1.56399
82.55 1.54047
82.6 1.51571
82.65 1.48978
82.7 1.46274
82.75 1.43464
82.8 1.40556
82.85 1.37557
82.9 1.34473
82.95 1.31313
83 1.28082
83.05 1.2479
83.1 1.21443
83.15 1.1805
83.2 1.14619
83.25 1.11158
83.3 1.07676
83.35 1.04179
83.4 1.00678
83.45 0.971806
83.5 0.936947
83.55 0.902288
83.6 0.867915
83.65 0.83391
83.7 0.800355
83.75 0.76733
83.8 0.734917
83.85 0.703193
83.9 0.672236
83.95 0.642121
84 0.61292
84.05 0.584706
84.1 0.557548
84.15 0.53151
84.2 0.506658
84.25 0.483052
84.3 0.460749
84.35 0.439805
84.4 0.420271
84.45 0.402195
84.5 0.385621
84.55 0.37059
84.6 0.357139
84.65 0.345301
84.7 0.335106
84.75 0.326578
84.8 0.319739
84.85 0.314605
84.9 0.311189
84.95 0.3095
85 0.309541
85.05 0.311313
85.1 0.314812
85.15 0.320027
85.2 0.326948
85.25 0.335556
85.3 0.345831
85.35 0.357746
85.4 0.371274
85.45 0.386379
85.5 0.403026
85.55 0.421173
85.6 0.440776
85.65 0.461786
85.7 0.484152
85.75 0.50782
85.8 0.53273
85.85 0.558823
85.9 0.586033
85.95 0.614296
86 0.643542
86.05 0.673699
86.1 0.704695
86.15 0.736453
86.2 0.768898
86.25 0.801949
86.3 0.835528
86.35 0.869553
86.4 0.903941
86.45 0.938611
86.5 0.973478
86.55 1.00846
86.6 1.04347
86.65 1.07843
86.7 1.11324
86.75 1.14784
86.8 1.18214
86.85 1.21604
86.9 1.24949
86.95 1.28238
87 1.31466
87.05 1.34623
87.1 1.37703
87.15 1.40698
87.2 1.43601
87.25 1.46406
87.3 1.49105
87.35 1.51692
87.4 1.54162
87.45 1.56509
87.5 1.58726
87.55 1.6081
87.6 1.62754
87.65 1.64554
87.7 1.66207
87.75 1.67708
87.8 1.69054
87.85 1.70242
87.9 1.71268
87.95 1.72131
88 1.72829
88.05 1.73359
88.1 1.73722
88.15 1.73915
88.2 1.73938
88.25 1.73791
88.3 1.73476
88.35 1.72991
88.4 1.7234
88.45 1.71522
88.5 1.7054
88.55 1.69396
88.6 1.68094
88.65 1.66635
88.7 1.65023
88.75 1.63263
88.8 1.61358
88.85 1.59312
88.9 1.57131
88.95 1.5482
89 1.52383
89.05 1.49827
89.1 1.47158
89.15 1.44382
89.2 1.41505
89.25 1.38534
89.3 1.35477
89.35 1.3234
89.4 1.29131
89.45 1.25858
89.5 1.22528
89.55 1.19149
89.6 1.1573
89.65 1.12277
89.7 1.08801
89.75 1.05308
89.8 1.01808
89.85 0.983081
89.9 0.948174
89.95 0.913442
90 0.878968
90.05 0.844835
90.1 0.811125
90.15 0.777921
90.2 0.745302
90.25 0.713347
90.3 0.682134
90.35 0.651739
90.4 0.622236
90.45 0.593696
90.5 0.56619
90.55 0.539783
90.6 0.514542
90.65 0.490527
90.7 0.467798
90.75 0.44641
90.8 0.426416
90.85 0.407864
90.9 0.390801
90.95 0.375268
91 0.361303
91.05 0.348942
91.1 0.338214
91.15 0.329146
91.2 0.32176
91.25 0.316074
91.3 0.312103
91.35 0.309856
91.4 0.309339
91.45 0.310553
91.5 0.313495
91.55 0.318158
91.6 0.32453
91.65 0.332596
91.7 0.342335
91.75 0.353725
91.8 0.366735
91.85 0.381336
91.9 0.39749
91.95 0.415158
92 0.434296
92.05 0.454858
92.1 0.476792
92.15 0.500046
92.2 0.524562
92.25 0.55028
92.3 0.577137
92.35 0.605068
92.4 0.634004
92.45 0.663875
92.5 0.694608
92.55 0.726129
92.6 0.758361
92.65 0.791225
92.7 0.824643
92.75 0.858533
92.8 0.892813
92.85 0.927401
92.9 0.962214
92.95 0.997167
93 1.03218
93.05 1.06716
93.1 1.10203
93.15 1.13671
93.2 1.17111
93.25 1.20515
93.3 1.23875
93.35 1.27183
93.4 1.30432
93.45 1.33612
93.5 1.36718
93.55 1.39741
93.6 1.42675
93.65 1.45512
93.7 1.48246
93.75 1.5087
93.8 1.53379
93.85 1.55766
93.9 1.58025
93.95 1.60153
94 1.62142
94.05 1.6399
94.1 1.6569
94.15 1.67241
94.2 1.68637
94.25 1.69876
94.3 1.70955
94.35 1.71871
94.4 1.72622
94.45 1.73207
94.5 1.73623
94.55 1.73871
94.6 1.73949
94.65 1.73857
94.7 1.73596
94.75 1.73166
94.8 1.72568
94.85 1.71804
94.9 1.70875
94.95 1.69783
95 1.68531
95.05 1.67122
95.1 1.6556
95.15 1.63847
95.2 1.61988
95.25 1.59987
95.3 1.57849
95.35 1.55579
95.4 1.53182
95.45 1.50664
95.5 1.48031
95.55 1.45289
95.6 1.42443
95.65 1.39502
95.7 1.36472
95.75 1.3336
95.8 1.30174
95.85 1.26921
95.9 1.23608
95.95 1.20244
96 1.16837
96.05 1.13394
96.1 1.09925
96.15 1.06436
96.2 1.02937
96.25 0.994365
96.3 0.95942
96.35 0.924622
96.4 0.890056
96.45 0.855804
96.5 0.821949
96.55 0.788573
96.6 0.755756
96.65 0.723578
96.7 0.692118
96.75 0.661451
96.8 0.631652
96.85 0.602794
96.9 0.574946
96.95 0.548178
97 0.522554
97.05 0.498137
97.1 0.474987
97.15 0.45316
97.2 0.432711
97.25 0.413688
97.3 0.39614
97.35 0.380109
97.4 0.365635
97.45 0.352753
97.5 0.341495
97.55 0.331888
97.6 0.323957
97.65 0.317721
97.7 0.313196
97.75 0.310392
97.8 0.309317
97.85 0.309972
97.9 0.312357
97.95 0.316466
98 0.322289
98.05 0.32981
98.1 0.339012
98.15 0.349872
98.2 0.362363
98.25 0.376454
98.3 0.392111
98.35 0.409295
98.4 0.427964
98.45 0.448072
98.5 0.469569
98.55 0.492404
98.6 0.516519
98.65 0.541856
98.7 0.568352
98.75 0.595944
98.8 0.624564
98.85 0.654141
98.9 0.684604
98.95 0.715879
99 0.74789
99.05 0.780559
99.1 0.813807
99.15 0.847553
99.2 0.881717
99.25 0.916214
99.3 0.950964
99.35 0.985881
99.4 1.02088
99.45 1.05588
99.5 1.0908
99.55 1.12555
99.6 1.16005
99.65 1.19421
99.7 1.22797
99.75 1.26122
99.8 1.29391
99.85 1.32594
99.9 1.35725
99.95 1.38775
100 1.41739
100.05 1.44608
100.1 1.47376
100.15 1.50036
100.2 1.52583
100.25 1.55009
100.3 1.57311
100.35 1.59481
100.4 1.61516
100.45 1.63409
100.5 1.65158
100.55 1.66757
100.6 1.68204
100.65 1.69494
100.7 1.70625
100.75 1.71593
100.8 1.72398
100.85 1.73036
100.9 1.73507
100.95 1.73809
101 1.73942
101.05 1.73905
101.1 1.73699
101.15 1.73323
101.2 1.72779
101.25 1.72068
101.3 1.71192
101.35 1.70153
101.4 1.68952
101.45 1.67594
101.5 1.6608
101.55 1.64416
101.6 1.62603
101.65 1.60648
101.7 1.58554
101.75 1.56326
101.8 1.53969
101.85 1.5149
101.9 1.48893
101.95 1.46185
102 1.43372
102.05 1.40461
102.1 1.37459
102.15 1.34373
102.2 1.3121
102.25 1.27977
102.3 1.24683
102.35 1.21334
102.4 1.1794
102.45 1.14508
102.5 1.11046
102.55 1.07563
102.6 1.04067
102.65 1.00566
102.7 0.970681
102.75 0.935827
102.8 0.901177
102.85 0.866814
102.9 0.832822
102.95 0.799282
103 0.766276
103.05 0.733884
103.1 0.702184
103.15 0.671253
103.2 0.641166
103.25 0.611996
103.3 0.583815
103.35 0.556691
103.4 0.530691
103.45 0.505878
103.5 0.482313
103.55 0.460053
103.6 0.439154
103.65 0.419666
103.7 0.401637
103.75 0.385112
103.8 0.370132
103.85 0.356732
103.9 0.344947
103.95 0.334805
104 0.326331
104.05 0.319547
104.1 0.314468
104.15 0.311108
104.2 0.309474
104.25 0.309572
104.3 0.311399
104.35 0.314953
104.4 0.320224
104.45 0.327199
104.5 0.335861
104.55 0.346189
104.6 0.358157
104.65 0.371736
104.7 0.386891
104.75 0.403587
104.8 0.421782
104.85 0.441431
104.9 0.462486
104.95 0.484895
105 0.508603
105.05 0.533552
105.1 0.559682
105.15 0.586928
105.2 0.615223
105.25 0.644499
105.3 0.674685
105.35 0.705706
105.4 0.737488
105.45 0.769953
105.5 0.803023
105.55 0.836617
105.6 0.870655
105.65 0.905054
105.7 0.939731
105.75 0.974603
105.8 1.00959
105.85 1.0446
105.9 1.07955
105.95 1.11436
106 1.14895
106.05 1.18323
106.1 1.21713
106.15 1.25055
106.2 1.28343
106.25 1.31568
106.3 1.34723
106.35 1.378
106.4 1.40793
106.45 1.43693
106.5 1.46494
106.55 1.4919
106.6 1.51774
106.65 1.5424
106.7 1.56582
106.75 1.58796
106.8 1.60874
106.85 1.62814
106.9 1.6461
106.95 1.66258
107 1.67754
107.05 1.69095
107.1 1.70277
107.15 1.71299
107.2 1.72156
107.25 1.72849
107.3 1.73374
107.35 1.7373
107.4 1.73918
107.45 1.73936
107.5 1.73784
107.55 1.73463
107.6 1.72973
107.65 1.72316
107.7 1.71493
107.75 1.70506
107.8 1.69357
107.85 1.68049
107.9 1.66585
107.95 1.64969
108 1.63204
108.05 1.61294
108.1 1.59244
108.15 1.57059
108.2 1.54743
108.25 1.52303
108.3 1.49743
108.35 1.4707
108.4 1.4429
108.45 1.41411
108.5 1.38437
108.55 1.35377
108.6 1.32238
108.65 1.29027
108.7 1.25752
108.75 1.2242
108.8 1.1904
108.85 1.15619
108.9 1.12166
108.95 1.08689
109 1.05196
109.05 1.01695
109.1 0.981955
109.15 0.947053
109.2 0.912327
109.25 0.877863
109.3 0.843742
109.35 0.810048
109.4 0.776861
109.45 0.744262
109.5 0.71233
109.55 0.681142
109.6 0.650775
109.65 0.621301
109.7 0.592794
109.75 0.565322
109.8 0.538952
109.85 0.513749
109.9 0.489775
109.95 0.467088
110 0.445744
110.05 0.425796
110.1 0.407291
110.15 0.390277
110.2 0.374794
110.25 0.36088
110.3 0.348571
110.35 0.337896
110.4 0.328881
110.45 0.32155
110.5 0.315919
110.55 0.312004
110.6 0.309812
110.65 0.309351
110.7 0.310621
110.75 0.313618
110.8 0.318337
110.85 0.324764
110.9 0.332884
110.95 0.342677
111 0.354119
111.05 0.367181
111.1 0.381832
111.15 0.398035
111.2 0.415751
111.25 0.434936
111.3 0.455543
111.35 0.477521
111.4 0.500816
111.45 0.525372
111.5 0.551127
111.55 0.57802
111.6 0.605984
111.65 0.634952
111.7 0.664852
111.75 0.695612
111.8 0.727157
111.85 0.75941
111.9 0.792293
111.95 0.825727
112 0.859631
112.05 0.893923
112.1 0.928519
112.15 0.963337
112.2 0.998294
112.25 1.0333
112.3 1.06829
112.35 1.10315
112.4 1.13782
112.45 1.17221
112.5 1.20624
112.55 1.23983
112.6 1.27289
112.65 1.30535
112.7 1.33714
112.75 1.36817
112.8 1.39837
112.85 1.42768
112.9 1.45602
112.95 1.48332
113 1.50953
113.05 1.53458
113.1 1.55841
113.15 1.58096
113.2 1.60219
113.25 1.62204
113.3 1.64047
113.35 1.65743
113.4 1.67288
113.45 1.6868
113.5 1.69913
113.55 1.70987
113.6 1.71898
113.65 1.72644
113.7 1.73223
113.75 1.73634
113.8 1.73876
113.85 1.73949
113.9 1.73851
113.95 1.73585
114 1.73149
114.05 1.72546
114.1 1.71776
114.15 1.70842
114.2 1.69745
114.25 1.68488
114.3 1.67074
114.35 1.65507
114.4 1.63789
114.45 1.61926
114.5 1.5992
114.55 1.57778
114.6 1.55504
114.65 1.53103
114.7 1.50581
114.75 1.47944
114.8 1.45198
114.85 1.4235
114.9 1.39406
114.95 1.36373
115 1.33259
115.05 1.3007
115.1 1.26815
115.15 1.235
115.2 1.20135
115.25 1.16726
115.3 1.13283
115.35 1.09812
115.4 1.06324
115.45 1.02825
115.5 0.993238
115.55 0.958297
115.6 0.923505
115.65 0.888947
115.7 0.854707
115.75 0.820866
115.8 0.787507
115.85 0.754709
115.9 0.722554
115.95 0.691117
116 0.660477
116.05 0.630707
116.1 0.601881
116.15 0.574067
116.2 0.547335
116.25 0.521748
116.3 0.497371
116.35 0.474263
116.4 0.45248
116.45 0.432075
116.5 0.4131
116.55 0.3956
116.6 0.379619
116.65 0.365195
116.7 0.352365
116.75 0.341159
116.8 0.331607
116.85 0.32373
116.9 0.317549
116.95 0.313079
117 0.31033
117.05 0.309311
117.1 0.310022
117.15 0.312463
117.2 0.316627
117.25 0.322504
117.3 0.33008
117.35 0.339336
117.4 0.350249
117.45 0.362792
117.5 0.376934
117.55 0.392641
117.6 0.409874
117.65 0.42859
117.7 0.448743
117.75 0.470284
117.8 0.493161
117.85 0.517316
117.9 0.542691
117.95 0.569224
118 0.59685
118.05 0.625502
118.1 0.655109
118.15 0.685599
118.2 0.716899
118.25 0.748932
118.3 0.781621
118.35 0.814886
118.4 0.848647
118.45 0.882823
118.5 0.91733
118.55 0.952086
118.6 0.987007
118.65 1.02201
118.7 1.05701
118.75 1.09192
118.8 1.12666
118.85 1.16115
118.9 1.19531
118.95 1.22905
119 1.26229
119.05 1.29495
119.1 1.32696
119.15 1.35824
119.2 1.38872
119.25 1.41833
119.3 1.44698
119.35 1.47463
119.4 1.5012
119.45 1.52663
119.5 1.55085
119.55 1.57383
119.6 1.59549
119.65 1.61579
119.7 1.63468
119.75 1.65212
119.8 1.66806
119.85 1.68248
119.9 1.69533
119.95 1.70658
120 1.71622
120.05 1.72421
120.1 1.73054
120.15 1.7352
120.2 1.73816
120.25 1.73944
120.3 1.73901
120.35 1.73689
120.4 1.73308
120.45 1.72759
120.5 1.72043
120.55 1.71161
120.6 1.70116
120.65 1.68911
120.7 1.67547
120.75 1.66029
120.8 1.6436
120.85 1.62543
120.9 1.60583
120.95 1.58484
121 1.56252
121.05 1.53891
121.1 1.51408
121.15 1.48807
121.2 1.46096
121.25 1.4328
121.3 1.40366
121.35 1.37361
121.4 1.34272
121.45 1.31107
121.5 1.27872
121.55 1.24576
121.6 1.21226
121.65 1.1783
121.7 1.14397
121.75 1.10934
121.8 1.07451
121.85 1.03954
121.9 1.00453
121.95 0.969556
122 0.934707
122.05 0.900065
122.1 0.865713
122.15 0.831734
122.2 0.798211
122.25 0.765223
122.3 0.732852
122.35 0.701175
122.4 0.67027
122.45 0.640212
122.5 0.611073
122.55 0.582925
122.6 0.555836
122.65 0.529873
122.7 0.5051
122.75 0.481576
122.8 0.459359
122.85 0.438504
122.9 0.419062
122.95 0.401082
123 0.384606
123.05 0.369676
123.1 0.356328
123.15 0.344595
123.2 0.334506
123.25 0.326087
123.3 0.319357
123.35 0.314333
123.4 0.311028
123.45 0.309451
123.5 0.309603
123.55 0.311487
123.6 0.315096
123.65 0.320422
123.7 0.327452
123.75 0.336168
123.8 0.346549
123.85 0.358569
123.9 0.372199
123.95 0.387405
124 0.40415
124.05 0.422392
124.1 0.442087
124.15 0.463187
124.2 0.485638
124.25 0.509387
124.3 0.534376
124.35 0.560542
124.4 0.587823
124.45 0.616151
124.5 0.645457
124.55 0.675671
124.6 0.706718
124.65 0.738523
124.7 0.771009
124.75 0.804097
124.8 0.837707
124.85 0.871758
124.9 0.906167
124.95 0.940852
125 0.975729
125.05 1.01071
125.1 1.04572
125.15 1.08067
125.2 1.11548
125.25 1.15006
125.3 1.18433
125.35 1.21821
125.4 1.25162
125.45 1.28448
125.5 1.31671
125.55 1.34824
125.6 1.37898
125.65 1.40888
125.7 1.43785
125.75 1.46583
125.8 1.49275
125.85 1.51855
125.9 1.54317
125.95 1.56656
126 1.58865
126.05 1.60939
126.1 1.62874
126.15 1.64665
126.2 1.66308
126.25 1.678
126.3 1.69136
126.35 1.70313
126.4 1.71329
126.45 1.72181
126.5 1.72868
126.55 1.73388
126.6 1.73739
126.65 1.73921
126.7 1.73934
126.75 1.73776
126.8 1.7345
126.85 1.72954
126.9 1.72292
126.95 1.71464
127 1.70471
127.05 1.69317
127.1 1.68004
127.15 1.66536
127.2 1.64914
127.25 1.63145
127.3 1.6123
127.35 1.59176
127.4 1.56986
127.45 1.54666
127.5 1.52222
127.55 1.49659
127.6 1.46982
127.65 1.44199
127.7 1.41316
127.75 1.3834
127.8 1.35277
127.85 1.32136
127.9 1.28922
127.95 1.25645
128 1.22312
128.05 1.1893
128.1 1.15508
128.15 1.12054
128.2 1.08576
128.25 1.05083
128.3 1.01582
128.35 0.980829
128.4 0.945931
128.45 0.911213
128.5 0.876758
128.55 0.84265
128.6 0.808971
128.65 0.775802
128.7 0.743223
128.75 0.711314
128.8 0.680151
128.85 0.649811
128.9 0.620368
128.95 0.591893
129 0.564455
129.05 0.538122
129.1 0.512958
129.15 0.489024
129.2 0.46638
129.25 0.44508
129.3 0.425177
129.35 0.40672
129.4 0.389754
129.45 0.374321
129.5 0.360459
129.55 0.348201
129.6 0.33758
129.65 0.328619
129.7 0.321342
129.75 0.315766
129.8 0.311906
129.85 0.309771
129.9 0.309365
129.95 0.31069
130 0.313744
130.05 0.318517
130.1 0.324999
130.15 0.333173
130.2 0.34302
130.25 0.354514
130.3 0.367628
130.35 0.38233
130.4 0.398583
130.45 0.416347
130.5 0.435578
130.55 0.45623
130.6 0.478251
130.65 0.501588
130.7 0.526183
130.75 0.551976
130.8 0.578904
130.85 0.606902
130.9 0.635901
130.95 0.665829
131 0.696616
131.05 0.728185
131.1 0.760459
131.15 0.793362
131.2 0.826812
131.25 0.86073
131.3 0.895032
131.35 0.929637
131.4 0.964461
131.45 0.999421
131.5 1.03443
131.55 1.06941
131.6 1.10427
131.65 1.13893
131.7 1.17331
131.75 1.20733
131.8 1.2409
131.85 1.27395
131.9 1.30639
131.95 1.33815
132 1.36915
132.05 1.39933
132.1 1.42861
132.15 1.45691
132.2 1.48418
132.25 1.51035
132.3 1.53536
132.35 1.55915
132.4 1.58166
132.45 1.60285
132.5 1.62265
132.55 1.64104
132.6 1.65795
132.65 1.67335
132.7 1.68722
132.75 1.69951
132.8 1.71019
132.85 1.71924
132.9 1.72665
132.95 1.73239
133 1.73644
133.05 1.73881
133.1 1.73948
133.15 1.73845
133.2 1.73573
133.25 1.73133
133.3 1.72524
133.35 1.71749
133.4 1.70809
133.45 1.69707
133.5 1.68445
133.55 1.67026
133.6 1.65454
133.65 1.63732
133.7 1.61863
133.75 1.59854
133.8 1.57707
133.85 1.55429
133.9 1.53024
133.95 1.50498
134 1.47858
134.05 1.45108
134.1 1.42257
134.15 1.3931
134.2 1.36274
134.25 1.33157
134.3 1.29966
134.35 1.26709
134.4 1.23393
134.45 1.20026
134.5 1.16616
134.55 1.13171
134.6 1.097
134.65 1.06211
134.7 1.02712
134.75 0.992112
134.8 0.957173
134.85 0.922388
134.9 0.887839
134.95 0.85361
135 0.819784
135.05 0.786441
135.1 0.753663
135.15 0.72153
135.2 0.690118
135.25 0.659505
135.3 0.629764
135.35 0.600969
135.4 0.573189
135.45 0.546492
135.5 0.520944
135.55 0.496607
135.6 0.47354
135.65 0.451801
135.7 0.431442
135.75 0.412513
135.8 0.395061
135.85 0.37913
135.9 0.364757
135.95 0.351978
136 0.340826
136.05 0.331327
136.1 0.323504
136.15 0.317378
136.2 0.312963
136.25 0.310271
136.3 0.309307
136.35 0.310074
136.4 0.31257
136.45 0.31679
136.5 0.322722
136.55 0.330352
136.6 0.339662
136.65 0.350628
136.7 0.363223
136.75 0.377416
136.8 0.393172
136.85 0.410453
136.9 0.429216
136.95 0.449415
137 0.471
137.05 0.493919
137.1 0.518114
137.15 0.543528
137.2 0.570097
137.25 0.597757
137.3 0.626441
137.35 0.656077
137.4 0.686595
137.45 0.71792
137.5 0.749975
137.55 0.782684
137.6 0.815966
137.65 0.849742
137.7 0.883929
137.75 0.918446
137.8 0.953208
137.85 0.988133
137.9 1.02314
137.95 1.05813
138 1.09304
138.05 1.12778
138.1 1.16226
138.15 1.1964
138.2 1.23012
138.25 1.26335
138.3 1.29599
138.35 1.32798
138.4 1.35924
138.45 1.38969
138.5 1.41926
138.55 1.44789
138.6 1.4755
138.65 1.50204
138.7 1.52743
138.75 1.55161
138.8 1.57454
138.85 1.59616
138.9 1.61642
138.95 1.63526
139 1.65266
139.05 1.66855
139.1 1.68292
139.15 1.69572
139.2 1.70692
139.25 1.7165
139.3 1.72444
139.35 1.73072
139.4 1.73532
139.45 1.73823
139.5 1.73945
139.55 1.73897
139.6 1.7368
139.65 1.73293
139.7 1.72738
139.75 1.72017
139.8 1.7113
139.85 1.7008
139.9 1.68869
139.95 1.67501
140 1.65978
140.05 1.64303
140.1 1.62482
140.15 1.60517
140.2 1.58414
140.25 1.56178
140.3 1.53813
140.35 1.51326
140.4 1.48722
140.45 1.46007
140.5 1.43187
140.55 1.40271
140.6 1.37263
140.65 1.34171
140.7 1.31003
140.75 1.27767
140.8 1.24469
140.85 1.21117
140.9 1.1772
140.95 1.14286
141 1.10823
141.05 1.07338
141.1 1.03841
141.15 1.0034
141.2 0.968432
141.25 0.933588
141.3 0.898954
141.35 0.864613
141.4 0.830647
141.45 0.79714
141.5 0.764171
141.55 0.731821
141.6 0.700168
141.65 0.669289
141.7 0.639258
141.75 0.61015
141.8 0.582036
141.85 0.554982
141.9 0.529057
141.95 0.504322
142 0.480839
142.05 0.458666
142.1 0.437856
142.15 0.41846
142.2 0.400527
142.25 0.384101
142.3 0.369221
142.35 0.355924
142.4 0.344244
142.45 0.334209
142.5 0.325843
142.55 0.319168
142.6 0.3142
142.65 0.310951
142.7 0.309428
142.75 0.309637
142.8 0.311576
142.85 0.315241
142.9 0.320622
142.95 0.327706
143 0.336476
143.05 0.346911
143.1 0.358983
143.15 0.372665
143.2 0.387921
143.25 0.404714
143.3 0.423004
143.35 0.442745
143.4 0.463889
143.45 0.486383
143.5 0.510173
143.55 0.5352
143.6 0.561404
143.65 0.588719
143.7 0.61708
143.75 0.646417
143.8 0.676658
143.85 0.707731
143.9 0.739559
143.95 0.772065
144 0.805172
144.05 0.838797
144.1 0.872861
144.15 0.90728
144.2 0.941972
144.25 0.976854
144.3 1.01184
144.35 1.04685
144.4 1.0818
144.45 1.1166
144.5 1.15117
144.55 1.18543
144.6 1.2193
144.65 1.25269
144.7 1.28553
144.75 1.31774
144.8 1.34924
144.85 1.37996
144.9 1.40982
144.95 1.43876
145 1.46671
145.05 1.4936
145.1 1.51936
145.15 1.54395
145.2 1.56729
145.25 1.58934
145.3 1.61004
145.35 1.62934
145.4 1.64721
145.45 1.66359
145.5 1.67845
145.55 1.69176
145.6 1.70348
145.65 1.71359
145.7 1.72206
145.75 1.72888
145.8 1.73402
145.85 1.73748
145.9 1.73924
145.95 1.73931
146 1.73768
146.05 1.73436
146.1 1.72936
146.15 1.72268
146.2 1.71434
146.25 1.70437
146.3 1.69277
146.35 1.67959
146.4 1.66486
146.45 1.6486
146.5 1.63085
146.55 1.61166
146.6 1.59107
146.65 1.56913
146.7 1.5459
146.75 1.52141
146.8 1.49574
146.85 1.46894
146.9 1.44108
146.95 1.41222
147 1.38243
147.05 1.35177
147.1 1.32033
147.15 1.28818
147.2 1.25539
147.25 1.22204
147.3 1.18821
147.35 1.15397
147.4 1.11943
147.45 1.08464
147.5 1.0497
147.55 1.0147
147.6 0.979703
147.65 0.94481
147.7 0.910099
147.75 0.875654
147.8 0.841558
147.85 0.807894
147.9 0.774743
147.95 0.742184
148 0.710298
148.05 0.679161
148.1 0.648849
148.15 0.619436
148.2 0.590993
148.25 0.56359
148.3 0.537293
148.35 0.512168
148.4 0.488275
148.45 0.465673
148.5 0.444417
148.55 0.42456
148.6 0.40615
148.65 0.389233
148.7 0.37385
148.75 0.360039
148.8 0.347834
148.85 0.337265
148.9 0.328358
148.95 0.321136
149 0.315615
149.05 0.31181
149.1 0.30973
149.15 0.309381
149.2 0.310762
149.25 0.313871
149.3 0.318699
149.35 0.325236
149.4 0.333464
149.45 0.343364
149.5 0.354911
149.55 0.368077
149.6 0.382829
149.65 0.399131
149.7 0.416943
149.75 0.436221
149.8 0.456918
149.85 0.478982
149.9 0.50236
149.95 0.526995
150 0.552826
150.05 0.57979
150.1 0.607821
150.15 0.63685
150.2 0.666808
150.25 0.697621
150.3 0.729213
150.35 0.76151
150.4 0.794431
150.45 0.827898
150.5 0.861829
150.55 0.896142
150.6 0.930756
150.65 0.965586
150.7 1.00055
150.75 1.03556
150.8 1.07054
150.85 1.10539
150.9 1.14005
150.95 1.17442
151 1.20842
151.05 1.24197
151.1 1.275
151.15 1.30742
151.2 1.33916
151.25 1.37014
151.3 1.40029
151.35 1.42953
151.4 1.45781
151.45 1.48504
151.5 1.51118
151.55 1.53615
151.6 1.5599
151.65 1.58237
151.7 1.60351
151.75 1.62327
151.8 1.6416
151.85 1.65847
151.9 1.67383
151.95 1.68764
152 1.69987
152.05 1.71051
152.1 1.71951
152.15 1.72686
152.2 1.73254
152.25 1.73654
152.3 1.73886
152.35 1.73947
152.4 1.73839
152.45 1.73562
152.5 1.73116
152.55 1.72501
152.6 1.71721
152.65 1.70776
152.7 1.69669
152.75 1.68402
152.8 1.66978
152.85 1.65401
152.9 1.63674
152.95 1.61801
153 1.59787
153.05 1.57636
153.1 1.55353
153.15 1.52944
153.2 1.50415
153.25 1.47771
153.3 1.45018
153.35 1.42163
153.4 1.39213
153.45 1.36175
153.5 1.33056
153.55 1.29862
153.6 1.26603
153.65 1.23285
153.7 1.19917
153.75 1.16506
153.8 1.1306
153.85 1.09588
153.9 1.06098
153.95 1.02599
154 0.990985
154.05 0.95605
154.1 0.921271
154.15 0.886732
154.2 0.852514
154.25 0.818702
154.3 0.785376
154.35 0.752618
154.4 0.720506
154.45 0.689119
154.5 0.658533
154.55 0.628822
154.6 0.600058
154.65 0.572312
154.7 0.545651
154.75 0.520141
154.8 0.495844
154.85 0.472819
154.9 0.451124
154.95 0.43081
155 0.411928
155.05 0.394525
155.1 0.378642
155.15 0.36432
155.2 0.351594
155.25 0.340494
155.3 0.331049
155.35 0.323281
155.4 0.317209
155.45 0.31285
155.5 0.310213
155.55 0.309304
155.6 0.310127
155.65 0.312679
155.7 0.316954
155.75 0.322941
155.8 0.330626
155.85 0.339989
155.9 0.351008
155.95 0.363655
156 0.377899
156.05 0.393705
156.1 0.411035
156.15 0.429845
156.2 0.450089
156.25 0.471718
156.3 0.494678
156.35 0.518914
156.4 0.544366
156.45 0.570971
156.5 0.598665
156.55 0.62738
156.6 0.657047
156.65 0.687592
156.7 0.718941
156.75 0.751019
156.8 0.783747
156.85 0.817047
156.9 0.850837
156.95 0.885036
157 0.919562
157.05 0.954331
157.1 0.98926
157.15 1.02426
157.2 1.05926
157.25 1.09417
157.3 1.12889
157.35 1.16336
157.4 1.19749
157.45 1.2312
157.5 1.26441
157.55 1.29703
157.6 1.329
157.65 1.36023
157.7 1.39066
157.75 1.4202
157.8 1.4488
157.85 1.47637
157.9 1.50287
157.95 1.52822
158 1.55237
158.05 1.57526
158.1 1.59684
158.15 1.61705
158.2 1.63585
158.25 1.65319
158.3 1.66904
158.35 1.68335
158.4 1.6961
158.45 1.70725
158.5 1.71678
158.55 1.72467
158.6 1.73089
158.65 1.73544
158.7 1.7383
158.75 1.73946
158.8 1.73893
158.85 1.7367
158.9 1.73278
158.95 1.72718
159 1.71991
159.05 1.71099
159.1 1.70044
159.15 1.68828
159.2 1.67454
159.25 1.65926
159.3 1.64247
159.35 1.62421
159.4 1.60452
159.45 1.58344
159.5 1.56104
159.55 1.53735
159.6 1.51244
159.65 1.48636
159.7 1.45917
159.75 1.43095
159.8 1.40175
159.85 1.37164
159.9 1.3407
159.95 1.309
160 1.27661
160.05 1.24361
160.1 1.21008
160.15 1.1761
160.2 1.14175
160.25 1.10711
160.3 1.07226
160.35 1.03729
160.4 1.00227
160.45 0.967307
160.5 0.932469
160.55 0.897843
160.6 0.863513
160.65 0.829561
160.7 0.796069
160.75 0.763119
160.8 0.73079
160.85 0.699161
160.9 0.668308
160.95 0.638306
161 0.609229
161.05 0.581147
161.1 0.554129
161.15 0.528241
161.2 0.503546
161.25 0.480105
161.3 0.457974
161.35 0.437209
161.4 0.41786
161.45 0.399975
161.5 0.383597
161.55 0.368768
161.6 0.355523
161.65 0.343895
161.7 0.333913
161.75 0.325602
161.8 0.318982
161.85 0.314068
161.9 0.310875
161.95 0.309408
162 0.309673
162.05 0.311667
162.1 0.315387
162.15 0.320824
162.2 0.327963
162.25 0.336787
162.3 0.347274
162.35 0.359399
162.4 0.373132
162.45 0.388438
162.5 0.40528
162.55 0.423618
162.6 0.443404
162.65 0.464592
162.7 0.487129
162.75 0.51096
162.8 0.536026
162.85 0.562266
162.9 0.589616
162.95 0.61801
163 0.647377
163.05 0.677646
163.1 0.708744
163.15 0.740596
163.2 0.773123
163.25 0.806247
163.3 0.839888
163.35 0.873964
163.4 0.908393
163.45 0.943093
163.5 0.97798
163.55 1.01297
163.6 1.04798
163.65 1.08292
163.7 1.11771
163.75 1.15228
163.8 1.18653
163.85 1.22038
163.9 1.25376
163.95 1.28658
164 1.31876
164.05 1.35024
164.1 1.38093
164.15 1.41077
164.2 1.43968
164.25 1.46759
164.3 1.49445
164.35 1.52017
164.4 1.54472
164.45 1.56802
164.5 1.59002
164.55 1.61068
164.6 1.62994
164.65 1.64776
164.7 1.66409
164.75 1.6789
164.8 1.69216
164.85 1.70383
164.9 1.71389
164.95 1.72231
165 1.72907
165.05 1.73416
165.1 1.73756
165.15 1.73927
165.2 1.73928
165.25 1.7376
165.3 1.73423
165.35 1.72917
165.4 1.72244
165.45 1.71405
165.5 1.70402
165.55 1.69237
165.6 1.67914
165.65 1.66436
165.7 1.64805
165.75 1.63026
165.8 1.61102
165.85 1.59039
165.9 1.56841
165.95 1.54513
166 1.5206
166.05 1.49489
166.1 1.46806
166.15 1.44016
166.2 1.41127
166.25 1.38145
166.3 1.35077
166.35 1.31931
166.4 1.28713
166.45 1.25432
166.5 1.22095
166.55 1.18711
166.6 1.15287
166.65 1.11831
166.7 1.08352
166.75 1.04858
166.8 1.01357
166.85 0.978578
166.9 0.943689
166.95 0.908985
167 0.87455
167.05 0.840467
167.1 0.806818
167.15 0.773685
167.2 0.741147
167.25 0.709283
167.3 0.678172
167.35 0.647887
167.4 0.618504
167.45 0.590094
167.5 0.562725
167.55 0.536465
167.6 0.511379
167.65 0.487526
167.7 0.464967
167.75 0.443755
167.8 0.423944
167.85 0.405582
167.9 0.388713
167.95 0.37338
168 0.35962
168.05 0.347468
168.1 0.336952
168.15 0.328099
168.2 0.320931
168.25 0.315466
168.3 0.311717
168.35 0.309692
168.4 0.309398
168.45 0.310835
168.5 0.313999
168.55 0.318883
168.6 0.325474
168.65 0.333757
168.7 0.343711
168.75 0.35531
168.8 0.368528
168.85 0.38333
168.9 0.399682
168.95 0.417541
169 0.436866
169.05 0.457607
169.1 0.479715
169.15 0.503134
169.2 0.527809
169.25 0.553677
169.3 0.580676
169.35 0.60874
169.4 0.637801
169.45 0.667787
169.5 0.698626
169.55 0.730243
169.6 0.76256
169.65 0.795501
169.7 0.828984
169.75 0.862928
169.8 0.897253
169.85 0.931875
169.9 0.96671
169.95 1.00168
170 1.03669
170.05 1.07166
170.1 1.10651
170.15 1.14116
170.2 1.17552
170.25 1.20951
170.3 1.24305
170.35 1.27605
170.4 1.30845
170.45 1.34017
170.5 1.37112
170.55 1.40124
170.6 1.43046
170.65 1.4587
170.7 1.4859
170.75 1.512
170.8 1.53693
170.85 1.56064
170.9 1.58307
170.95 1.60417
171 1.62388
171.05 1.64217
171.1 1.65899
171.15 1.67429
171.2 1.68806
171.25 1.70024
171.3 1.71082
171.35 1.71977
171.4 1.72707
171.45 1.7327
171.5 1.73665
171.55 1.7389
171.6 1.73947
171.65 1.73833
171.7 1.7355
171.75 1.73098
171.8 1.72479
171.85 1.71693
171.9 1.70743
171.95 1.69631
172 1.68358
172.05 1.6693
172.1 1.65347
172.15 1.63616
172.2 1.61738
172.25 1.59719
172.3 1.57564
172.35 1.55278
172.4 1.52865
172.45 1.50331
172.5 1.47684
172.55 1.44928
172.6 1.4207
172.65 1.39117
172.7 1.36076
172.75 1.32954
172.8 1.29759
172.85 1.26497
172.9 1.23177
172.95 1.19807
173 1.16395
173.05 1.12949
173.1 1.09476
173.15 1.05986
173.2 1.02486
173.25 0.989858
173.3 0.954928
173.35 0.920155
173.4 0.885624
173.45 0.851419
173.5 0.817621
173.55 0.784312
173.6 0.751573
173.65 0.719484
173.7 0.688121
173.75 0.657562
173.8 0.62788
173.85 0.599148
173.9 0.571436
173.95 0.544812
174 0.51934
174.05 0.495083
174.1 0.4721
174.15 0.450448
174.2 0.430179
174.25 0.411344
174.3 0.393989
174.35 0.378157
174.4 0.363885
174.45 0.351211
174.5 0.340164
174.55 0.330772
174.6 0.323059
174.65 0.317042
174.7 0.312738
174.75 0.310156
174.8 0.309304
174.85 0.310183
174.9 0.31279
174.95 0.31712
175 0.323162
175.05 0.330902
175.1 0.340318
175.15 0.35139
175.2 0.364089
175.25 0.378384
175.3 0.39424
175.35 0.411618
175.4 0.430475
175.45 0.450764
175.5 0.472437
175.55 0.495439
175.6 0.519715
175.65 0.545205
175.7 0.571847
175.75 0.599575
175.8 0.628321
175.85 0.658017
175.9 0.688589
175.95 0.719963
176 0.752063
176.05 0.784811
176.1 0.818128
176.15 0.851932
176.2 0.886143
176.25 0.920678
176.3 0.955454
176.35 0.990386
176.4 1.02539
176.45 1.06039
176.5 1.09529
176.55 1.13001
176.6 1.16447
176.65 1.19859
176.7 1.23228
176.75 1.26547
176.8 1.29807
176.85 1.33002
176.9 1.36122
176.95 1.39162
177 1.42114
177.05 1.4497
177.1 1.47724
177.15 1.50371
177.2 1.52902
177.25 1.55313
177.3 1.57598
177.35 1.59751
177.4 1.61768
177.45 1.63643
177.5 1.65372
177.55 1.66952
177.6 1.68379
177.65 1.69649
177.7 1.70759
177.75 1.71706
177.8 1.7249
177.85 1.73106
177.9 1.73556
177.95 1.73836
178 1.73947
178.05 1.73888
178.1 1.7366
178.15 1.73263
178.2 1.72697
178.25 1.71965
178.3 1.71067
178.35 1.70007
178.4 1.68786
178.45 1.67407
178.5 1.65874
178.55 1.6419
178.6 1.62359
178.65 1.60386
178.7 1.58274
178.75 1.56029
178.8 1.53657
178.85 1.51161
178.9 1.4855
178.95 1.45828
179 1.43002
179.05 1.40079
179.1 1.37066
179.15 1.33969
179.2 1.30797
179.25 1.27556
179.3 1.24254
179.35 1.209
179.4 1.175
179.45 1.14064
179.5 1.10599
179.55 1.07113
179.6 1.03616
179.65 1.00115
179.7 0.966183
179.75 0.93135
179.8 0.896732
179.85 0.862413
179.9 0.828474
179.95 0.794999
180 0.762068
180.05 0.72976
180.1 0.698155
180.15 0.667328
180.2 0.637355
180.25 0.608309
180.3 0.58026
180.35 0.553278
180.4 0.527427
180.45 0.502771
180.5 0.479371
180.55 0.457284
180.6 0.436563
180.65 0.417261
180.7 0.399424
180.75 0.383095
180.8 0.368316
180.85 0.355123
180.9 0.343548
180.95 0.33362
181 0.325362
181.05 0.318797
181.1 0.313939
181.15 0.310801
181.2 0.30939
181.25 0.30971
181.3 0.31176
181.35 0.315536
181.4 0.321027
181.45 0.328221
181.5 0.337099
181.55 0.347639
181.6 0.359816
181.65 0.3736
181.7 0.388957
181.75 0.405848
181.8 0.424232
181.85 0.444065
181.9 0.465297
181.95 0.487877
182 0.511748
182.05 0.536853
182.1 0.56313
182.15 0.590515
182.2 0.618941
182.25 0.648338
182.3 0.678635
182.35 0.709759
182.4 0.741633
182.45 0.774181
182.5 0.807322
182.55 0.840979
182.6 0.875068
182.65 0.909507
182.7 0.944214
182.75 0.979105
182.8 1.0141
182.85 1.0491
182.9 1.08404
182.95 1.11883
183 1.15339
183.05 1.18762
183.1 1.22146
183.15 1.25482
183.2 1.28762
183.25 1.31979
183.3 1.35124
183.35 1.38191
183.4 1.41172
183.45 1.44059
183.5 1.46847
183.55 1.49529
183.6 1.52098
183.65 1.54549
183.7 1.56875
183.75 1.59071
183.8 1.61132
183.85 1.63054
183.9 1.64831
183.95 1.66459
184 1.67936
184.05 1.69256
184.1 1.70418
184.15 1.71418
184.2 1.72255
184.25 1.72926
184.3 1.73429
184.35 1.73764
184.4 1.7393
184.45 1.73926
184.5 1.73752
184.55 1.73409
184.6 1.72898
184.65 1.72219
184.7 1.71375
184.75 1.70367
184.8 1.69197
184.85 1.67869
184.9 1.66386
184.95 1.6475
185 1.62966
185.05 1.61038
185.1 1.5897
185.15 1.56768
185.2 1.54436
185.25 1.51979
185.3 1.49405
185.35 1.46718
185.4 1.43925
185.45 1.41033
185.5 1.38048
185.55 1.34977
185.6 1.31828
185.65 1.28609
185.7 1.25326
185.75 1.21987
185.8 1.18601
185.85 1.15176
185.9 1.11719
185.95 1.08239
186 1.04745
186.05 1.01244
186.1 0.977452
186.15 0.942568
186.2 0.907871
186.25 0.873447
186.3 0.839376
186.35 0.805743
186.4 0.772627
186.45 0.74011
186.5 0.708269
186.55 0.677183
186.6 0.646927
186.65 0.617574
186.7 0.589196
186.75 0.561862
186.8 0.535639
186.85 0.510591
186.9 0.486779
186.95 0.464262
187 0.443095
187.05 0.42333
187.1 0.405015
187.15 0.388195
187.2 0.372912
187.25 0.359204
187.3 0.347103
187.35 0.336641
187.4 0.327842
187.45 0.320729
187.5 0.315318
187.55 0.311624
187.6 0.309656
187.65 0.309417
187.7 0.31091
187.75 0.31413
187.8 0.319069
187.85 0.325715
187.9 0.334052
187.95 0.344059
188 0.355711
188.05 0.36898
188.1 0.383833
188.15 0.400234
188.2 0.418141
188.25 0.437512
188.3 0.458298
188.35 0.480449
188.4 0.50391
188.45 0.528623
188.5 0.554529
188.55 0.581564
188.6 0.609661
188.65 0.638753
188.7 0.668767
188.75 0.699633
188.8 0.731273
188.85 0.763612
188.9 0.796571
188.95 0.83007
189 0.864028
189.05 0.898364
189.1 0.932994
189.15 0.967834
189.2 1.0028
189.25 1.03781
189.3 1.07278
189.35 1.10763
189.4 1.14227
189.45 1.17662
189.5 1.21059
189.55 1.24412
189.6 1.27711
189.65 1.30949
189.7 1.34118
189.75 1.37211
189.8 1.4022
189.85 1.43138
189.9 1.45959
189.95 1.48676
190 1.51282
190.05 1.53772
190.1 1.56138
190.15 1.58377
190.2 1.60482
190.25 1.62449
190.3 1.64273
190.35 1.6595
190.4 1.67476
190.45 1.68847
190.5 1.70061
190.55 1.71113
190.6 1.72003
190.65 1.72728
190.7 1.73285
190.75 1.73674
190.8 1.73895
190.85 1.73946
190.9 1.73827
190.95 1.73538
191 1.73081
191.05 1.72456
191.1 1.71665
191.15 1.7071
191.2 1.69592
191.25 1.68315
191.3 1.66881
191.35 1.65294
191.4 1.63557
191.45 1.61675
191.5 1.59652
191.55 1.57493
191.6 1.55202
191.65 1.52785
191.7 1.50248
191.75 1.47597
191.8 1.44837
191.85 1.41976
191.9 1.3902
191.95 1.35977
192 1.32852
192.05 1.29654
192.1 1.26391
192.15 1.2307
192.2 1.19698
192.25 1.16285
192.3 1.12837
192.35 1.09364
192.4 1.05873
192.45 1.02374
192.5 0.988732
192.55 0.953805
192.6 0.919039
192.65 0.884517
192.7 0.850324
192.75 0.81654
192.8 0.783249
192.85 0.75053
192.9 0.718462
192.95 0.687124
193 0.656592
193.05 0.62694
193.1 0.59824
193.15 0.570561
193.2 0.543973
193.25 0.518539
193.3 0.494322
193.35 0.471381
193.4 0.449773
193.45 0.42955
193.5 0.410762
193.55 0.393455
193.6 0.377672
193.65 0.363452
193.7 0.350829
193.75 0.339836
193.8 0.330497
193.85 0.322838
193.9 0.316877
193.95 0.312628
194 0.310102
194.05 0.309305
194.1 0.31024
194.15 0.312903
194.2 0.317288
194.25 0.323385
194.3 0.331179
194.35 0.340649
194.4 0.351774
194.45 0.364525
194.5 0.37887
194.55 0.394776
194.6 0.412202
194.65 0.431106
194.7 0.451441
194.75 0.473157
194.8 0.496202
194.85 0.520518
194.9 0.546045
194.95 0.572723
195 0.600485
195.05 0.629263
195.1 0.658988
195.15 0.689587
195.2 0.720986
195.25 0.753108
195.3 0.785875
195.35 0.819209
195.4 0.853028
195.45 0.887251
195.5 0.921795
195.55 0.956577
195.6 0.991513
195.65 1.02652
195.7 1.06151
195.75 1.09641
195.8 1.13112
195.85 1.16557
195.9 1.19968
195.95 1.23336
196 1.26653
196.05 1.29911
196.1 1.33103
196.15 1.36222
196.2 1.39259
196.25 1.42207
196.3 1.4506
196.35 1.47811
196.4 1.50454
196.45 1.52982
196.5 1.55389
196.55 1.57669
196.6 1.59818
196.65 1.6183
196.7 1.63701
196.75 1.65426
196.8 1.67001
196.85 1.68422
196.9 1.69687
196.95 1.70792
197 1.71734
197.05 1.72512
197.1 1.73124
197.15 1.73567
197.2 1.73842
197.25 1.73948
197.3 1.73884
197.35 1.7365
197.4 1.73247
197.45 1.72676
197.5 1.71938
197.55 1.71036
197.6 1.6997
197.65 1.68744
197.7 1.6736
197.75 1.65822
197.8 1.64134
197.85 1.62298
197.9 1.6032
197.95 1.58204
198 1.55955
198.05 1.53578
198.1 1.51079
198.15 1.48464
198.2 1.45739
198.25 1.4291
198.3 1.39984
198.35 1.36968
198.4 1.33868
198.45 1.30694
198.5 1.27451
198.55 1.24147
198.6 1.20791
198.65 1.1739
198.7 1.13953
198.75 1.10487
198.8 1.07001
198.85 1.03503
198.9 1.00002
198.95 0.965059
199 0.930232
199.05 0.895622
199.1 0.861314
199.15 0.827389
199.2 0.79393
199.25 0.761017
199.3 0.728731
199.35 0.697149
199.4 0.666349
199.45 0.636405
199.5 0.60739
199.55 0.579375
199.6 0.552427
199.65 0.526614
199.7 0.501998
199.75 0.478639
199.8 0.456595
199.85 0.435919
199.9 0.416663
199.95 0.398874
200 0.382595
200.05 0.367867
200.1 0.354725
200.15 0.343202
200.2 0.333328
200.25 0.325124
200.3 0.318614
200.35 0.313811
200.4 0.310728
200.45 0.309373
200.5 0.309749
200.55 0.311855
200.6 0.315686
200.65 0.321232
200.7 0.32848
200.75 0.337412
200.8 0.348006
200.85 0.360235
200.9 0.37407
200.95 0.389477
201 0.406417
201.05 0.424849
201.1 0.444727
201.15 0.466004
201.2 0.488626
201.25 0.512538
201.3 0.537681
201.35 0.563995
201.4 0.591414
201.45 0.619873
201.5 0.6493
201.55 0.679625
201.6 0.710774
201.65 0.742671
201.7 0.775239
201.75 0.808399
201.8 0.84207
201.85 0.876172
201.9 0.910621
201.95 0.945335
202 0.980231
202.05 1.01522
202.1 1.05023
202.15 1.08517
202.2 1.11995
202.25 1.15449
202.3 1.18872
202.35 1.22254
202.4 1.25589
202.45 1.28867
202.5 1.32081
202.55 1.35224
202.6 1.38288
202.65 1.41266
202.7 1.44151
202.75 1.46935
202.8 1.49614
202.85 1.52179
202.9 1.54626
202.95 1.56948
203 1.59139
203.05 1.61196
203.1 1.63113
203.15 1.64885
203.2 1.66509
203.25 1.67981
203.3 1.69296
203.35 1.70453
203.4 1.71448
203.45 1.72279
203.5 1.72945
203.55 1.73443
203.6 1.73772
203.65 1.73932
203.7 1.73923
203.75 1.73744
203.8 1.73395
203.85 1.72878
203.9 1.72194
203.95 1.71345
204 1.70332
204.05 1.69157
204.1 1.67824
204.15 1.66335
204.2 1.64695
204.25 1.62906
204.3 1.60973
204.35 1.58901
204.4 1.56695
204.45 1.54358
204.5 1.51898
204.55 1.4932
204.6 1.4663
204.65 1.43833
204.7 1.40938
204.75 1.3795
204.8 1.34877
204.85 1.31726
204.9 1.28504
204.95 1.25219
205 1.21879
205.05 1.18491
205.1 1.15065
205.15 1.11607
205.2 1.08127
205.25 1.04632
205.3 1.01131
205.35 0.976327
205.4 0.941447
205.45 0.906758
205.5 0.872343
205.55 0.838286
205.6 0.804668
205.65 0.77157
205.7 0.739073
205.75 0.707256
205.8 0.676195
205.85 0.645967
205.9 0.616644
205.95 0.588299
206 0.561
206.05 0.534814
206.1 0.509805
206.15 0.486034
206.2 0.463559
206.25 0.442437
206.3 0.422717
206.35 0.40445
206.4 0.387679
206.45 0.372446
206.5 0.358789
206.55 0.346741
206.6 0.336332
206.65 0.327587
206.7 0.320528
206.75 0.315173
206.8 0.311534
206.85 0.309621
206.9 0.309439
206.95 0.310987
207 0.314262
207.05 0.319256
207.1 0.325957
207.15 0.334348
207.2 0.344408
207.25 0.356113
207.3 0.369434
207.35 0.384337
207.4 0.400787
207.45 0.418742
207.5 0.438159
207.55 0.45899
207.6 0.481184
207.65 0.504686
207.7 0.529439
207.75 0.555382
207.8 0.582452
207.85 0.610583
207.9 0.639705
207.95 0.669749
208 0.70064
208.05 0.732304
208.1 0.764664
208.15 0.797642
208.2 0.831157
208.25 0.865128
208.3 0.899475
208.35 0.934113
208.4 0.968959
208.45 1.00393
208.5 1.03894
208.55 1.07391
208.6 1.10875
208.65 1.14338
208.7 1.17772
208.75 1.21168
208.8 1.24519
208.85 1.27816
208.9 1.31052
208.95 1.34219
209 1.37309
209.05 1.40315
209.1 1.43231
209.15 1.46048
209.2 1.48762
209.25 1.51364
209.3 1.5385
209.35 1.56212
209.4 1.58447
209.45 1.60548
209.5 1.6251
209.55 1.6433
209.6 1.66002
209.65 1.67523
209.7 1.68889
209.75 1.70097
209.8 1.71145
209.85 1.72029
209.9 1.72748
209.95 1.733
210 1.73684
210.05 1.73899
210.1 1.73944
210.15 1.7382
210.2 1.73526
210.25 1.73064
210.3 1.72433
210.35 1.71637
210.4 1.70676
210.45 1.69553
210.5 1.68271
210.55 1.66832
210.6 1.6524
210.65 1.63499
210.7 1.61612
210.75 1.59585
210.8 1.57421
210.85 1.55126
210.9 1.52705
210.95 1.50164
211 1.47509
211.05 1.44747
211.1 1.41882
211.15 1.38924
211.2 1.35877
211.25 1.3275
211.3 1.2955
211.35 1.26285
211.4 1.22962
211.45 1.19589
211.5 1.16174
211.55 1.12726
211.6 1.09252
211.65 1.05761
211.7 1.02261
211.75 0.987605
211.8 0.952682
211.85 0.917923
211.9 0.883411
211.95 0.849229
212 0.81546
212.05 0.782186
212.1 0.749486
212.15 0.717441
212.2 0.686128
212.25 0.655623
212.3 0.626
212.35 0.597332
212.4 0.569688
212.45 0.543136
212.5 0.51774
212.55 0.493563
212.6 0.470665
212.65 0.4491
212.7 0.428922
212.75 0.410181
212.8 0.392923
212.85 0.37719
212.9 0.363021
212.95 0.35045
213 0.339509
213.05 0.330225
213.1 0.32262
213.15 0.316713
213.2 0.31252
213.25 0.310049
213.3 0.309308
213.35 0.310298
213.4 0.313017
213.45 0.317458
213.5 0.32361
213.55 0.331458
213.6 0.340982
213.65 0.352159
213.7 0.364962
213.75 0.379359
213.8 0.395314
213.85 0.412788
213.9 0.431739
213.95 0.452119
214 0.473879
214.05 0.496965
214.1 0.521321
214.15 0.546887
214.2 0.5736
214.25 0.601396
214.3 0.630206
214.35 0.65996
214.4 0.690586
214.45 0.722009
214.5 0.754154
214.55 0.786941
214.6 0.820291
214.65 0.854124
214.7 0.888359
214.75 0.922912
214.8 0.9577
214.85 0.99264
214.9 1.02765
214.95 1.06264
215 1.09753
215.05 1.13224
215.1 1.16668
215.15 1.20077
215.2 1.23443
215.25 1.26759
215.3 1.30015
215.35 1.33205
215.4 1.36321
215.45 1.39355
215.5 1.42301
215.55 1.45151
215.6 1.47898
215.65 1.50537
215.7 1.53061
215.75 1.55464
215.8 1.5774
215.85 1.59885
215.9 1.61893
215.95 1.63759
216 1.65479
216.05 1.67049
216.1 1.68465
216.15 1.69725
216.2 1.70824
216.25 1.71762
216.3 1.72534
216.35 1.7314
216.4 1.73579
216.45 1.73848
216.5 1.73948
216.55 1.73879
216.6 1.73639
216.65 1.73231
216.7 1.72655
216.75 1.71912
216.8 1.71004
216.85 1.69933
216.9 1.68702
216.95 1.67313
217 1.6577
217.05 1.64077
217.1 1.62237
217.15 1.60254
217.2 1.58133
217.25 1.5588
217.3 1.53499
217.35 1.50997
217.4 1.48378
217.45 1.45649
217.5 1.42817
217.55 1.39888
217.6 1.36869
217.65 1.33767
217.7 1.3059
217.75 1.27345
217.8 1.2404
217.85 1.20682
217.9 1.1728
217.95 1.13841
218 1.10375
218.05 1.06888
218.1 1.0339
218.15 0.998893
218.2 0.963935
218.25 0.929113
218.3 0.894512
218.35 0.860215
218.4 0.826304
218.45 0.792861
218.5 0.759967
218.55 0.727703
218.6 0.696145
218.65 0.665371
218.7 0.635456
218.75 0.606472
218.8 0.57849
218.85 0.551578
218.9 0.525802
218.95 0.501226
219 0.477908
219.05 0.455908
219.1 0.435277
219.15 0.416067
219.2 0.398326
219.25 0.382096
219.3 0.367418
219.35 0.354328
219.4 0.342859
219.45 0.333037
219.5 0.324888
219.55 0.318432
219.6 0.313685
219.65 0.310658
219.7 0.309358
219.75 0.30979
219.8 0.311952
219.85 0.315838
219.9 0.321439
219.95 0.328742
220 0.337728
220.05 0.348374
220.1 0.360656
220.15 0.374542
220.2 0.389999
220.25 0.406987
220.3 0.425467
220.35 0.445391
220.4 0.466712
220.45 0.489376
220.5 0.513329
220.55 0.538511
220.6 0.564861
220.65 0.592315
220.7 0.620805
220.75 0.650263
220.8 0.680616
220.85 0.71179
220.9 0.74371
220.95 0.776298
221 0.809476
221.05 0.843162
221.1 0.877276
221.15 0.911735
221.2 0.946457
221.25 0.981357
221.3 1.01635
221.35 1.05136
221.4 1.08629
221.45 1.12107
221.5 1.1556
221.55 1.18982
221.6 1.22363
221.65 1.25695
221.7 1.28971
221.75 1.32184
221.8 1.35324
221.85 1.38385
221.9 1.4136
221.95 1.44242
222 1.47023
222.05 1.49698
222.1 1.5226
222.15 1.54702
222.2 1.5702
222.25 1.59208
222.3 1.6126
222.35 1.63172
222.4 1.6494
222.45 1.66559
222.5 1.68025
222.55 1.69336
222.6 1.70487
222.65 1.71477
222.7 1.72303
222.75 1.72963
222.8 1.73456
222.85 1.7378
222.9 1.73935
222.95 1.7392
223 1.73735
223.05 1.73381
223.1 1.72859
223.15 1.7217
223.2 1.71315
223.25 1.70296
223.3 1.69117
223.35 1.67778
223.4 1.66285
223.45 1.64639
223.5 1.62846
223.55 1.60909
223.6 1.58832
223.65 1.56621
223.7 1.54281
223.75 1.51817
223.8 1.49235
223.85 1.46541
223.9 1.43742
223.95 1.40843
224 1.37852
224.05 1.34777
224.1 1.31623
224.15 1.28399
224.2 1.25112
224.25 1.2177
224.3 1.18382
224.35 1.14954
224.4 1.11496
224.45 1.08015
224.5 1.0452
224.55 1.01019
224.6 0.975201
224.65 0.940326
224.7 0.905645
224.75 0.871241
224.8 0.837196
224.85 0.803593
224.9 0.770514
224.95 0.738038
225 0.706243
225.05 0.675208
225.1 0.645008
225.15 0.615716
225.2 0.587403
225.25 0.560139
225.3 0.53399
225.35 0.509019
225.4 0.485289
225.45 0.462858
225.5 0.441779
225.55 0.422106
225.6 0.403886
225.65 0.387164
225.7 0.371982
225.75 0.358376
225.8 0.34638
225.85 0.336024
225.9 0.327333
225.95 0.320329
226 0.315029
226.05 0.311446
226.1 0.309588
226.15 0.309461
226.2 0.311065
226.25 0.314396
226.3 0.319446
226.35 0.326201
226.4 0.334646
226.45 0.34476
226.5 0.356517
226.55 0.369889
226.6 0.384843
226.65 0.401342
226.7 0.419345
226.75 0.438809
226.8 0.459684
226.85 0.481921
226.9 0.505464
226.95 0.530257
227 0.556237
227.05 0.583342
227.1 0.611505
227.15 0.640659
227.2 0.670731
227.25 0.701648
227.3 0.733336
227.35 0.765717
227.4 0.798713
227.45 0.832244
227.5 0.866229
227.55 0.900586
227.6 0.935232
227.65 0.970084
227.7 1.00506
227.75 1.04007
227.8 1.07503
227.85 1.10987
227.9 1.14449
227.95 1.17882
228 1.21277
228.05 1.24626
228.1 1.27921
228.15 1.31155
228.2 1.34319
228.25 1.37407
228.3 1.40411
228.35 1.43323
228.4 1.46137
228.45 1.48847
228.5 1.51446
228.55 1.53928
228.6 1.56286
228.65 1.58517
228.7 1.60613
228.75 1.62571
228.8 1.64386
228.85 1.66053
228.9 1.67569
228.95 1.6893
229 1.70133
229.05 1.71176
229.1 1.72055
229.15 1.72768
229.2 1.73315
229.25 1.73694
229.3 1.73903
229.35 1.73943
229.4 1.73813
229.45 1.73514
229.5 1.73046
229.55 1.7241
229.6 1.71609
229.65 1.70643
229.7 1.69515
229.75 1.68227
229.8 1.66783
229.85 1.65187
229.9 1.6344
229.95 1.61549
230 1.59517
230.05 1.57349
230.1 1.5505
230.15 1.52625
230.2 1.50081
230.25 1.47422
230.3 1.44656
230.35 1.41789
230.4 1.38827
230.45 1.35778
230.5 1.32648
230.55 1.29446
230.6 1.26179
230.65 1.22854
230.7 1.1948
230.75 1.16064
230.8 1.12614
230.85 1.0914
230.9 1.05648
230.95 1.02148
231 0.986479
231.05 0.95156
231.1 0.916807
231.15 0.882304
231.2 0.848134
231.25 0.81438
231.3 0.781123
231.35 0.748444
231.4 0.716421
231.45 0.685133
231.5 0.654655
231.55 0.625062
231.6 0.596425
231.65 0.568815
231.7 0.542299
231.75 0.516942
231.8 0.492806
231.85 0.469949
231.9 0.448428
231.95 0.428296
232 0.409602
232.05 0.392392
232.1 0.376709
232.15 0.362591
232.2 0.350072
232.25 0.339184
232.3 0.329953
232.35 0.322403
232.4 0.316551
232.45 0.312413
232.5 0.309999
232.55 0.309313
232.6 0.310359
232.65 0.313133
232.7 0.31763
232.75 0.323836
232.8 0.331738
232.85 0.341316
232.9 0.352546
232.95 0.365401
233 0.379848
233.05 0.395853
233.1 0.413376
233.15 0.432373
233.2 0.452799
233.25 0.474602
233.3 0.49773
233.35 0.522126
233.4 0.54773
233.45 0.574479
233.5 0.602308
233.55 0.63115
233.6 0.660933
233.65 0.691586
233.7 0.723034
233.75 0.7552
233.8 0.788006
233.85 0.821373
233.9 0.855221
233.95 0.889467
234 0.924029
234.05 0.958823
234.1 0.993766
234.15 1.02877
234.2 1.06376
234.25 1.09865
234.3 1.13335
234.35 1.16778
234.4 1.20186
234.45 1.23551
234.5 1.26864
234.55 1.30119
234.6 1.33306
234.65 1.3642
234.7 1.39451
234.75 1.42394
234.8 1.45241
234.85 1.47985
234.9 1.5062
234.95 1.5314
235 1.55539
235.05 1.57812
235.1 1.59952
235.15 1.61955
235.2 1.63816
235.25 1.65532
235.3 1.67097
235.35 1.68508
235.4 1.69763
235.45 1.70857
235.5 1.71789
235.55 1.72556
235.6 1.73157
235.65 1.7359
235.7 1.73854
235.75 1.73949
235.8 1.73874
235.85 1.73629
235.9 1.73215
235.95 1.72634
236 1.71885
236.05 1.70972
236.1 1.69896
236.15 1.6866
236.2 1.67266
236.25 1.65718
236.3 1.6402
236.35 1.62175
236.4 1.60188
236.45 1.58063
236.5 1.55805
236.55 1.53421
236.6 1.50914
236.65 1.48292
236.7 1.4556
236.75 1.42724
236.8 1.39792
236.85 1.3677
236.9 1.33666
236.95 1.30487
237 1.2724
237.05 1.23932
237.1 1.20573
237.15 1.1717
237.2 1.1373
237.25 1.10263
237.3 1.06776
237.35 1.03278
237.4 0.997766
237.45 0.962811
237.5 0.927995
237.55 0.893402
237.6 0.859116
237.65 0.825219
237.7 0.791793
237.75 0.758918
237.8 0.726675
237.85 0.695141
237.9 0.664394
237.95 0.634507
238 0.605555
238.05 0.577606
238.1 0.55073
238.15 0.524992
238.2 0.500455
238.25 0.477179
238.3 0.455222
238.35 0.434636
238.4 0.415473
238.45 0.39778
238.5 0.381599
238.55 0.366972
238.6 0.353934
238.65 0.342517
238.7 0.332749
238.75 0.324654
238.8 0.318253
238.85 0.31356
238.9 0.310589
238.95 0.309345
239 0.309833
239.05 0.31205
239.1 0.315992
239.15 0.321648
239.2 0.329005
239.25 0.338045
239.3 0.348745
239.35 0.361078
239.4 0.375016
239.45 0.390522
239.5 0.40756
239.55 0.426086
239.6 0.446056
239.65 0.467421
239.7 0.490128
239.75 0.514121
239.8 0.539342
239.85 0.565728
239.9 0.593217
239.95 0.621739
240 0.651227
240.05 0.681607
240.1 0.712807
240.15 0.744749
240.2 0.777358
240.25 0.810553
240.3 0.844254
240.35 0.878381
240.4 0.91285
240.45 0.947578
240.5 0.982483
240.55 1.01748
240.6 1.05248
240.65 1.08741
240.7 1.12218
240.75 1.15671
240.8 1.19091
240.85 1.22471
240.9 1.25802
240.95 1.29076
241 1.32286
241.05 1.35424
241.1 1.38483
241.15 1.41455
241.2 1.44333
241.25 1.47111
241.3 1.49782
241.35 1.5234
241.4 1.54779
241.45 1.57093
241.5 1.59276
241.55 1.61324
241.6 1.63232
241.65 1.64995
241.7 1.66609
241.75 1.6807
241.8 1.69375
241.85 1.70522
241.9 1.71506
241.95 1.72327
242 1.72982
242.05 1.73469
242.1 1.73787
242.15 1.73937
242.2 1.73916
242.25 1.73726
242.3 1.73367
242.35 1.72839
242.4 1.72145
242.45 1.71284
242.5 1.70261
242.55 1.69076
242.6 1.67733
242.65 1.66234
242.7 1.64584
242.75 1.62786
242.8 1.60844
242.85 1.58763
242.9 1.56548
242.95 1.54204
243 1.51736
243.05 1.4915
243.1 1.46453
243.15 1.4365
243.2 1.40748
243.25 1.37755
243.3 1.34676
243.35 1.3152
243.4 1.28294
243.45 1.25005
243.5 1.21662
243.55 1.18272
243.6 1.14843
243.65 1.11384
243.7 1.07902
243.75 1.04407
243.8 1.00906
243.85 0.974076
243.9 0.939206
243.95 0.904532
244 0.870138
244.05 0.836107
244.1 0.802519
244.15 0.769458
244.2 0.737003
244.25 0.705232
244.3 0.674222
244.35 0.64405
244.4 0.614788
244.45 0.586508
244.5 0.559279
244.55 0.533167
244.6 0.508236
244.65 0.484547
244.7 0.462158
244.75 0.441124
244.8 0.421496
244.85 0.403324
244.9 0.386651
244.95 0.371519
245 0.357964
245.05 0.346021
245.1 0.335718
245.15 0.327081
245.2 0.320132
245.25 0.314887
245.3 0.311359
245.35 0.309557
245.4 0.309486
245.45 0.311146
245.5 0.314532
245.55 0.319637
245.6 0.326447
245.65 0.334946
245.7 0.345113
245.75 0.356923
245.8 0.370346
245.85 0.385351
245.9 0.401898
245.95 0.419949
246 0.439459
246.05 0.460379
246.1 0.482659
246.15 0.506244
246.2 0.531075
246.25 0.557093
246.3 0.584233
246.35 0.612429
246.4 0.641613
246.45 0.671713
246.5 0.702657
246.55 0.734368
246.6 0.76677
246.65 0.799785
246.7 0.833332
246.75 0.86733
246.8 0.901698
246.85 0.936352
246.9 0.971208
246.95 1.00618
247 1.0412
247.05 1.07616
247.1 1.11099
247.15 1.1456
247.2 1.17992
247.25 1.21385
247.3 1.24733
247.35 1.28026
247.4 1.31258
247.45 1.3442
247.5 1.37505
247.55 1.40506
247.6 1.43415
247.65 1.46226
247.7 1.48933
247.75 1.51528
247.8 1.54006
247.85 1.5636
247.9 1.58586
247.95 1.60678
248 1.62632
248.05 1.64442
248.1 1.66104
248.15 1.67615
248.2 1.68972
248.25 1.7017
248.3 1.71207
248.35 1.7208
248.4 1.72789
248.45 1.7333
248.5 1.73703
248.55 1.73907
248.6 1.73941
248.65 1.73806
248.7 1.73501
248.75 1.73028
248.8 1.72387
248.85 1.7158
248.9 1.70609
248.95 1.69476
249 1.68183
249.05 1.66734
249.1 1.65133
249.15 1.63382
249.2 1.61486
249.25 1.59449
249.3 1.57277
249.35 1.54974
249.4 1.52545
249.45 1.49997
249.5 1.47335
249.55 1.44565
249.6 1.41695
249.65 1.3873
249.7 1.35678
249.75 1.32546
249.8 1.29342
249.85 1.26073
249.9 1.22746
249.95 1.1937
250 1.15953
250.05 1.12503
250.1 1.09027
250.15 1.05535
250.2 1.02035
250.25 0.985353
250.3 0.950438
250.35 0.915692
250.4 0.881198
250.45 0.847041
250.5 0.813301
250.55 0.780061
250.6 0.747402
250.65 0.715402
250.7 0.684138
250.75 0.653688
250.8 0.624124
250.85 0.59552
250.9 0.567944
250.95 0.541464
251 0.516146
251.05 0.492049
251.1 0.469235
251.15 0.447758
251.2 0.427672
251.25 0.409025
251.3 0.391863
251.35 0.37623
251.4 0.362162
251.45 0.349696
251.5 0.338861
251.55 0.329684
251.6 0.322188
251.65 0.316391
251.7 0.312309
251.75 0.309949
251.8 0.30932
251.85 0.310421
251.9 0.313251
251.95 0.317803
252 0.324064
252.05 0.332021
252.1 0.341652
252.15 0.352935
252.2 0.365842
252.25 0.38034
252.3 0.396394
252.35 0.413965
252.4 0.433009
252.45 0.453479
252.5 0.475326
252.55 0.498496
252.6 0.522932
252.65 0.548574
252.7 0.575359
252.75 0.603222
252.8 0.632095
252.85 0.661907
252.9 0.692587
252.95 0.724059
253 0.756247
253.05 0.789072
253.1 0.822456
253.15 0.856318
253.2 0.890576
253.25 0.925146
253.3 0.959947
253.35 0.994893
253.4 1.0299
253.45 1.06489
253.5 1.09977
253.55 1.13446
253.6 1.16889
253.65 1.20295
253.7 1.23658
253.75 1.2697
253.8 1.30223
253.85 1.33408
253.9 1.36519
253.95 1.39547
254 1.42487
254.05 1.45331
254.1 1.48072
254.15 1.50703
254.2 1.53219
254.25 1.55614
254.3 1.57883
254.35 1.60018
254.4 1.62017
254.45 1.63874
254.5 1.65584
254.55 1.67145
254.6 1.68551
254.65 1.69801
254.7 1.7089
254.75 1.71816
254.8 1.72578
254.85 1.73174
254.9 1.73601
254.95 1.7386
255 1.73949
255.05 1.73868
255.1 1.73618
255.15 1.73199
255.2 1.72612
255.25 1.71858
255.3 1.7094
255.35 1.69859
255.4 1.68617
255.45 1.67219
255.5 1.65666
255.55 1.63963
255.6 1.62113
255.65 1.60121
255.7 1.57992
255.75 1.55731
255.8 1.53342
255.85 1.50831
255.9 1.48205
255.95 1.4547
256 1.42631
256.05 1.39696
256.1 1.36672
256.15 1.33565
256.2 1.30383
256.25 1.27134
256.3 1.23825
256.35 1.20464
256.4 1.17059
256.45 1.13619
256.5 1.10151
256.55 1.06663
256.6 1.03165
256.65 0.996639
256.7 0.961687
256.75 0.926877
256.8 0.892293
256.85 0.858018
256.9 0.824135
256.95 0.790725
257 0.757869
257.05 0.725648
257.1 0.694139
257.15 0.663418
257.2 0.63356
257.25 0.604639
257.3 0.576723
257.35 0.549883
257.4 0.524183
257.45 0.499685
257.5 0.476451
257.55 0.454537
257.6 0.433996
257.65 0.41488
257.7 0.397235
257.75 0.381104
257.8 0.366527
257.85 0.353541
257.9 0.342176
257.95 0.332462
258 0.324421
258.05 0.318075
258.1 0.313438
258.15 0.310522
258.2 0.309334
258.25 0.309877
258.3 0.31215
258.35 0.316147
258.4 0.321859
258.45 0.32927
258.5 0.338364
258.55 0.349116
258.6 0.361502
258.65 0.375491
258.7 0.391047
258.75 0.408133
258.8 0.426707
258.85 0.446723
258.9 0.468131
258.95 0.490881
259 0.514914
259.05 0.540174
259.1 0.566597
259.15 0.59412
259.2 0.622674
259.25 0.652192
259.3 0.6826
259.35 0.713824
259.4 0.745789
259.45 0.778418
259.5 0.811631
259.55 0.845347
259.6 0.879486
259.65 0.913965
259.7 0.9487
259.75 0.983609
259.8 1.01861
259.85 1.05361
259.9 1.08854
259.95 1.1233
260 1.15782
260.05 1.19201
260.1 1.22579
260.15 1.25908
260.2 1.2918
260.25 1.32388
260.3 1.35524
260.35 1.3858
260.4 1.41549
260.45 1.44424
260.5 1.47199
260.55 1.49867
260.6 1.52421
260.65 1.54855
260.7 1.57165
260.75 1.59344
260.8 1.61388
260.85 1.63291
260.9 1.65049
260.95 1.66658
261 1.68114
261.05 1.69415
261.1 1.70556
261.15 1.71535
261.2 1.72351
261.25 1.73
261.3 1.73482
261.35 1.73795
261.4 1.73939
261.45 1.73913
261.5 1.73717
261.55 1.73353
261.6 1.7282
261.65 1.7212
261.7 1.71254
261.75 1.70225
261.8 1.69035
261.85 1.67687
261.9 1.66183
261.95 1.64528
262 1.62726
262.05 1.60779
262.1 1.58694
262.15 1.56474
262.2 1.54126
262.25 1.51654
262.3 1.49065
262.35 1.46364
262.4 1.43558
262.45 1.40653
262.5 1.37657
262.55 1.34576
262.6 1.31417
262.65 1.28189
262.7 1.24898
262.75 1.21553
262.8 1.18162
262.85 1.14732
262.9 1.11272
262.95 1.0779
263 1.04294
263.05 1.00793
263.1 0.972951
263.15 0.938086
263.2 0.90342
263.25 0.869036
263.3 0.835018
263.35 0.801446
263.4 0.768403
263.45 0.735969
263.5 0.704221
263.55 0.673237
263.6 0.643093
263.65 0.613862
263.7 0.585615
263.75 0.55842
263.8 0.532345
263.85 0.507453
263.9 0.483805
263.95 0.461459
264 0.440469
264.05 0.420888
264.1 0.402764
264.15 0.38614
264.2 0.371058
264.25 0.357554
264.3 0.345663
264.35 0.335414
264.4 0.326831
264.45 0.319936
264.5 0.314746
264.55 0.311274
264.6 0.309528
264.65 0.309513
264.7 0.311228
264.75 0.31467
264.8 0.319829
264.85 0.326694
264.9 0.335248
264.95 0.345468
265 0.35733
265.05 0.370805
265.1 0.38586
265.15 0.402457
265.2 0.420555
265.25 0.440111
265.3 0.461076
265.35 0.483399
265.4 0.507024
265.45 0.531895
265.5 0.557949
265.55 0.585125
265.6 0.613354
265.65 0.642569
265.7 0.672697
265.75 0.703666
265.8 0.735401
265.85 0.767824
265.9 0.800857
265.95 0.83442
266 0.868432
266.05 0.90281
266.1 0.937471
266.15 0.972333
266.2 1.00731
266.25 1.04232
266.3 1.07728
266.35 1.11211
266.4 1.14671
266.45 1.18102
266.5 1.21494
266.55 1.2484
266.6 1.28131
266.65 1.31361
266.7 1.34521
266.75 1.37603
266.8 1.40601
266.85 1.43507
266.9 1.46315
266.95 1.49018
267 1.51609
267.05 1.54083
267.1 1.56434
267.15 1.58656
267.2 1.60744
267.25 1.62692
267.3 1.64498
267.35 1.66155
267.4 1.67662
267.45 1.69013
267.5 1.70205
267.55 1.71237
267.6 1.72106
267.65 1.72809
267.7 1.73345
267.75 1.73712
267.8 1.73911
267.85 1.7394
267.9 1.73799
267.95 1.73489
268 1.7301
268.05 1.72364
268.1 1.71551
268.15 1.70575
268.2 1.69436
268.25 1.68139
268.3 1.66685
268.35 1.65079
268.4 1.63323
268.45 1.61422
268.5 1.59381
268.55 1.57205
268.6 1.54897
268.65 1.52465
268.7 1.49913
268.75 1.47247
268.8 1.44474
268.85 1.41601
268.9 1.38633
268.95 1.35578
269 1.32444
269.05 1.29238
269.1 1.25966
269.15 1.22638
269.2 1.19261
269.25 1.15842
269.3 1.12391
269.35 1.08915
269.4 1.05423
269.45 1.01923
269.5 0.984227
269.55 0.949316
269.6 0.914576
269.65 0.880093
269.7 0.845947
269.75 0.812222
269.8 0.779
269.85 0.746361
269.9 0.714383
269.95 0.683145
270 0.652722
270.05 0.623188
270.1 0.594615
270.15 0.567074
270.2 0.540631
270.25 0.51535
270.3 0.491294
270.35 0.468522
270.4 0.447089
270.45 0.427048
270.5 0.408449
270.55 0.391336
270.6 0.375752
270.65 0.361736
270.7 0.349321
270.75 0.338539
270.8 0.329416
270.85 0.321975
270.9 0.316233
270.95 0.312206
271 0.309902
271.05 0.309328
271.1 0.310486
271.15 0.313371
271.2 0.317978
271.25 0.324294
271.3 0.332305
271.35 0.34199
271.4 0.353326
271.45 0.366284
271.5 0.380833
271.55 0.396936
271.6 0.414555
271.65 0.433646
271.7 0.454162
271.75 0.476052
271.8 0.499264
271.85 0.523739
271.9 0.549419
271.95 0.57624
272 0.604136
272.05 0.633041
272.1 0.662882
272.15 0.693589
272.2 0.725085
272.25 0.757294
272.3 0.790139
272.35 0.82354
272.4 0.857416
272.45 0.891684
272.5 0.926264
272.55 0.96107
272.6 0.99602
272.65 1.03103
272.7 1.06601
272.75 1.10089
272.8 1.13558
272.85 1.16999
272.9 1.20404
272.95 1.23766
273 1.27076
273.05 1.30326
273.1 1.33509
273.15 1.36618
273.2 1.39644
273.25 1.4258
273.3 1.45421
273.35 1.48158
273.4 1.50786
273.45 1.53299
273.5 1.5569
273.55 1.57953
273.6 1.60085
273.65 1.62079
273.7 1.63931
273.75 1.65637
273.8 1.67192
273.85 1.68594
273.9 1.69838
273.95 1.70922
274 1.71844
274.05 1.726
274.1 1.7319
274.15 1.73612
274.2 1.73865
274.25 1.73949
274.3 1.73863
274.35 1.73607
274.4 1.73183
274.45 1.7259
274.5 1.71831
274.55 1.70908
274.6 1.69821
274.65 1.68575
274.7 1.67171
274.75 1.65613
274.8 1.63905
274.85 1.62051
274.9 1.60055
274.95 1.57921
275 1.55656
275.05 1.53263
275.1 1.50749
275.15 1.48119
275.2 1.4538
275.25 1.42538
275.3 1.396
275.35 1.36573
275.4 1.33464
275.45 1.3028
275.5 1.27028
275.55 1.23717
275.6 1.20355
275.65 1.16949
275.7 1.13507
275.75 1.10039
275.8 1.06551
275.85 1.03052
275.9 0.995512
275.95 0.960563
276 0.925759
276.05 0.891184
276.1 0.85692
276.15 0.823051
276.2 0.789658
276.25 0.756822
276.3 0.724622
276.35 0.693136
276.4 0.662442
276.45 0.632614
276.5 0.603724
276.55 0.575842
276.6 0.549037
276.65 0.523375
276.7 0.498917
276.75 0.475725
276.8 0.453854
276.85 0.433358
276.9 0.414289
276.95 0.396691
277 0.38061
277.05 0.366084
277.1 0.353149
277.15 0.341837
277.2 0.332177
277.25 0.32419
277.3 0.317899
277.35 0.313317
277.4 0.310457
277.45 0.309324
277.5 0.309923
277.55 0.312252
277.6 0.316304
277.65 0.322071
277.7 0.329537
277.75 0.338684
277.8 0.34949
277.85 0.361928
277.9 0.375967
277.95 0.391574
278 0.408708
278.05 0.427329
278.1 0.447391
278.15 0.468843
278.2 0.491635
278.25 0.515709
278.3 0.541007
278.35 0.567466
278.4 0.595023
278.45 0.62361
278.5 0.653157
278.55 0.683593
278.6 0.714842
278.65 0.74683
278.7 0.779479
278.75 0.812709
278.8 0.84644
278.85 0.880591
278.9 0.91508
278.95 0.949822
279 0.984735
279.05 1.01973
279.1 1.05474
279.15 1.08966
279.2 1.12441
279.25 1.15892
279.3 1.1931
279.35 1.22687
279.4 1.26014
279.45 1.29285
279.5 1.3249
279.55 1.35623
279.6 1.38677
279.65 1.41643
279.7 1.44515
279.75 1.47287
279.8 1.49951
279.85 1.52501
279.9 1.54932
279.95 1.57237
280 1.59412
280.05 1.61451
280.1 1.6335
280.15 1.65103
280.2 1.66707
280.25 1.68159
280.3 1.69454
280.35 1.7059
280.4 1.71564
280.45 1.72374
280.5 1.73018
280.55 1.73494
280.6 1.73802
280.65 1.73941
280.7 1.73909
280.75 1.73708
280.8 1.73338
280.85 1.728
280.9 1.72094
280.95 1.71223
281 1.70189
281.05 1.68994
281.1 1.67641
281.15 1.66132
281.2 1.64473
281.25 1.62665
281.3 1.60714
281.35 1.58624
281.4 1.56401
281.45 1.54048
281.5 1.51573
281.55 1.4898
281.6 1.46275
281.65 1.43466
281.7 1.40558
281.75 1.37559
281.8 1.34475
281.85 1.31314
281.9 1.28084
281.95 1.24792
282 1.21445
282.05 1.18052
282.1 1.14621
282.15 1.1116
282.2 1.07677
282.25 1.04181
282.3 1.0068
282.35 0.971826
282.4 0.936966
282.45 0.902308
282.5 0.867935
282.55 0.833929
282.6 0.800373
282.65 0.767349
282.7 0.734935
282.75 0.703211
282.8 0.672253
282.85 0.642137
282.9 0.612937
282.95 0.584722
283 0.557563
283.05 0.531525
283.1 0.506672
283.15 0.483065
283.2 0.460762
283.25 0.439817
283.3 0.420282
283.35 0.402205
283.4 0.38563
283.45 0.370598
283.5 0.357146
283.55 0.345307
283.6 0.335111
283.65 0.326582
283.7 0.319742
283.75 0.314607
283.8 0.311191
283.85 0.3095
283.9 0.309541
283.95 0.311312
284 0.314809
284.05 0.320024
284.1 0.326944
284.15 0.335551
284.2 0.345824
284.25 0.357739
284.3 0.371265
284.35 0.38637
284.4 0.403016
284.45 0.421163
284.5 0.440765
284.55 0.461774
284.6 0.484139
284.65 0.507806
284.7 0.532716
284.75 0.558808
284.8 0.586018
284.85 0.61428
284.9 0.643525
284.95 0.673682
285 0.704677
285.05 0.736435
285.1 0.768879
285.15 0.80193
285.2 0.835509
285.25 0.869533
285.3 0.903922
285.35 0.938591
285.4 0.973458
285.45 1.00844
285.5 1.04345
285.55 1.07841
285.6 1.11322
285.65 1.14782
285.7 1.18212
285.75 1.21602
285.8 1.24947
285.85 1.28236
285.9 1.31464
285.95 1.34621
286 1.37701
286.05 1.40696
286.1 1.43599
286.15 1.46404
286.2 1.49103
286.25 1.51691
286.3 1.54161
286.35 1.56508
286.4 1.58725
286.45 1.60808
286.5 1.62753
286.55 1.64553
286.6 1.66206
286.65 1.67707
286.7 1.69053
286.75 1.70241
286.8 1.71268
286.85 1.72131
286.9 1.72829
286.95 1.73359
287 1.73721
287.05 1.73914
287.1 1.73938
287.15 1.73792
287.2 1.73476
287.25 1.72992
287.3 1.7234
287.35 1.71522
287.4 1.70541
287.45 1.69397
287.5 1.68094
287.55 1.66636
287.6 1.65024
287.65 1.63264
287.7 1.61359
287.75 1.59313
287.8 1.57132
287.85 1.54821
287.9 1.52384
287.95 1.49829
288 1.47159
288.05 1.44383
288.1 1.41506
288.15 1.38536
288.2 1.35479
288.25 1.32342
288.3 1.29133
288.35 1.2586
288.4 1.2253
288.45 1.19151
288.5 1.15732
288.55 1.12279
288.6 1.08803
288.65 1.0531
288.7 1.0181
288.75 0.983101
288.8 0.948194
288.85 0.913462
288.9 0.878987
288.95 0.844854
289 0.811144
289.05 0.77794
289.1 0.74532
289.15 0.713365
289.2 0.682152
289.25 0.651756
289.3 0.622252
289.35 0.593712
289.4 0.566205
289.45 0.539798
289.5 0.514556
289.55 0.490541
289.6 0.467811
289.65 0.446422
289.7 0.426427
289.75 0.407874
289.8 0.39081
289.85 0.375276
289.9 0.361311
289.95 0.348948
290 0.338219
290.05 0.32915
290.1 0.321763
290.15 0.316077
290.2 0.312105
290.25 0.309857
290.3 0.309339
290.35 0.310552
290.4 0.313493
290.45 0.318155
290.5 0.324526
290.55 0.332591
290.6 0.34233
290.65 0.353718
290.7 0.366728
290.75 0.381327
290.8 0.39748
290.85 0.415147
290.9 0.434285
290.95 0.454846
291 0.47678
291.05 0.500033
291.1 0.524548
291.15 0.550265
291.2 0.577122
291.25 0.605052
291.3 0.633987
291.35 0.663858
291.4 0.694591
291.45 0.726111
291.5 0.758343
291.55 0.791207
291.6 0.824624
291.65 0.858513
291.7 0.892794
291.75 0.927381
291.8 0.962194
291.85 0.997147
291.9 1.03216
291.95 1.06714
292 1.10201
292.05 1.13669
292.1 1.17109
292.15 1.20513
292.2 1.23873
292.25 1.27182
292.3 1.3043
292.35 1.33611
292.4 1.36716
292.45 1.3974
292.5 1.42673
292.55 1.4551
292.6 1.48244
292.65 1.50869
292.7 1.53377
292.75 1.55764
292.8 1.58024
292.85 1.60151
292.9 1.62141
292.95 1.63989
293 1.65689
293.05 1.6724
293.1 1.68636
293.15 1.69876
293.2 1.70954
293.25 1.71871
293.3 1.72622
293.35 1.73206
293.4 1.73623
293.45 1.73871
293.5 1.73949
293.55 1.73857
293.6 1.73596
293.65 1.73166
293.7 1.72568
293.75 1.71804
293.8 1.70875
293.85 1.69784
293.9 1.68532
293.95 1.67123
294 1.65561
294.05 1.63848
294.1 1.61989
294.15 1.59988
294.2 1.57851
294.25 1.55581
294.3 1.53184
294.35 1.50666
294.4 1.48032
294.45 1.4529
294.5 1.42445
294.55 1.39504
294.6 1.36474
294.65 1.33362
294.7 1.30176
294.75 1.26923
294.8 1.2361
294.85 1.20246
294.9 1.16839
294.95 1.13396
295 1.09927
295.05 1.06438
295.1 1.02939
295.15 0.994385
295.2 0.95944
295.25 0.924642
295.3 0.890075
295.35 0.855823
295.4 0.821968
295.45 0.788591
295.5 0.755774
295.55 0.723596
295.6 0.692135
295.65 0.661468
295.7 0.631668
295.75 0.60281
295.8 0.574962
295.85 0.548193
295.9 0.522568
295.95 0.49815
296 0.474999
296.05 0.453172
296.1 0.432722
296.15 0.413699
296.2 0.39615
296.25 0.380118
296.3 0.365642
296.35 0.352759
296.4 0.3415
296.45 0.331893
296.5 0.323961
296.55 0.317724
296.6 0.313198
296.65 0.310393
296.7 0.309317
296.75 0.309971
296.8 0.312356
296.85 0.316463
296.9 0.322285
296.95 0.329805
297 0.339006
297.05 0.349865
297.1 0.362355
297.15 0.376446
297.2 0.392102
297.25 0.409285
297.3 0.427953
297.35 0.44806
297.4 0.469557
297.45 0.49239
297.5 0.516505
297.55 0.541841
297.6 0.568337
297.65 0.595928
297.7 0.624547
297.75 0.654124
297.8 0.684587
297.85 0.715861
297.9 0.747872
297.95 0.78054
298 0.813788
298.05 0.847534
298.1 0.881697
298.15 0.916195
298.2 0.950944
298.25 0.985861
298.3 1.02086
298.35 1.05586
298.4 1.09078
298.45 1.12553
